#V3.30.xx.yy;_safe;_compile_date:_Apr  2 2023;_Stock_Synthesis_by_Richard_Methot_(NOAA)_using_ADMB_13.1
#_Stock_Synthesis_is_a_work_of_the_U.S._Government_and_is_not_subject_to_copyright_protection_in_the_United_States.
#_Foreign_copyrights_may_apply._See_copyright.txt_for_more_information.
#_User_support_available_at:NMFS.Stock.Synthesis@noaa.gov
#_User_info_available_at:https://vlab.noaa.gov/group/stock-synthesis
#_Source_code_at:_https://github.com/nmfs-stock-synthesis/stock-synthesis

#_Start_time: Mon Apr 03 16:58:44 2023
#_echo_input_data
#C data file for vendace SD 30
#V3.30.xx.yy;_safe;_compile_date:_Apr  2 2023;_Stock_Synthesis_by_Richard_Methot_(NOAA)_using_ADMB_13.1
1965 #_StartYr
2020 #_EndYr
4 #_Nseas
 3 3 3 3 #_months/season
2 #_Nsubseasons (even number, minimum is 2)
1 #_spawn_month
1 #_Ngenders: 1, 2, -1  (use -1 for 1 sex setup with SSB multiplied by female_frac parameter)
12 #_Nages=accumulator age, first age is always age 0
1 #_Nareas
4 #_Nfleets (including surveys)
#_fleet_type: 1=catch fleet; 2=bycatch only fleet; 3=survey; 4=predator(M2) 
#_sample_timing: -1 for fishing fleet to use season-long catch-at-age for observations, or 1 to use observation month;  (always 1 for surveys)
#_fleet_area:  area the fleet/survey operates in 
#_units of catch:  1=bio; 2=num (ignored for surveys; their units read later)
#_catch_mult: 0=no; 1=yes
#_rows are fleets
#_fleet_type fishery_timing area catch_units need_catch_mult fleetname
 1 -1 1 1 0 Fleet  # 1
 4 -1 1 1 0 Seals  # 2
 3 1 1 2 0 CPUE  # 3
 3 1 1 2 0 Acoustic  # 4
#Bycatch_fleet_input_goes_next
#a:  fleet index
#b:  1=include dead bycatch in total dead catch for F0.1 and MSY optimizations and forecast ABC; 2=omit from total catch for these purposes (but still include the mortality)
#c:  1=Fmult scales with other fleets; 2=bycatch F constant at input value; 3=bycatch F from range of years
#d:  F or first year of range
#e:  last year of range
#f:  not used
# a   b   c   d   e   f 
#_Catch data: yr, seas, fleet, catch, catch_se
#_catch_se:  standard error of log(catch)
#_NOTE:  catch data is ignored for survey fleets
-999 1 1 0 0.1
-999 2 1 0 0.1
-999 3 1 209 0.1
-999 4 1 0 0.1
1965 1 1 0 0.05
1965 2 1 0 0.05
1965 3 1 213 0.05
1965 4 1 0 0.05
1966 1 1 0 0.05
1966 2 1 0 0.05
1966 3 1 439 0.05
1966 4 1 0 0.05
1967 1 1 0 0.05
1967 2 1 0 0.05
1967 3 1 356 0.05
1967 4 1 0 0.05
1968 1 1 0 0.05
1968 2 1 0 0.05
1968 3 1 372 0.05
1968 4 1 0 0.05
1969 1 1 0 0.05
1969 2 1 0 0.05
1969 3 1 639 0.05
1969 4 1 0 0.05
1970 1 1 0 0.05
1970 2 1 0 0.05
1970 3 1 748 0.05
1970 4 1 0 0.05
1971 1 1 0 0.05
1971 2 1 0 0.05
1971 3 1 855 0.05
1971 4 1 0 0.05
1972 1 1 0 0.05
1972 2 1 0 0.05
1972 3 1 1116 0.05
1972 4 1 0 0.05
1973 1 1 0 0.05
1973 2 1 0 0.05
1973 3 1 1090 0.05
1973 4 1 0 0.05
1974 1 1 0 0.05
1974 2 1 0 0.05
1974 3 1 946 0.05
1974 4 1 0 0.05
1975 1 1 0 0.05
1975 2 1 0 0.05
1975 3 1 1164 0.05
1975 4 1 0 0.05
1976 1 1 0 0.05
1976 2 1 0 0.05
1976 3 1 1241 0.05
1976 4 1 0 0.05
1977 1 1 0 0.05
1977 2 1 0 0.05
1977 3 1 1079 0.05
1977 4 1 0 0.05
1978 1 1 0 0.05
1978 2 1 0 0.05
1978 3 1 1057 0.05
1978 4 1 0 0.05
1979 1 1 0 0.05
1979 2 1 0 0.05
1979 3 1 1094 0.05
1979 4 1 0 0.05
1980 1 1 0 0.05
1980 2 1 0 0.05
1980 3 1 1114 0.05
1980 4 1 0 0.05
1981 1 1 0 0.05
1981 2 1 0 0.05
1981 3 1 855 0.05
1981 4 1 0 0.05
1982 1 1 0 0.05
1982 2 1 0 0.05
1982 3 1 877 0.05
1982 4 1 0 0.05
1983 1 1 0 0.05
1983 2 1 0 0.05
1983 3 1 862 0.05
1983 4 1 0 0.05
1984 1 1 0 0.05
1984 2 1 0 0.05
1984 3 1 710 0.05
1984 4 1 0 0.05
1985 1 1 0 0.05
1985 2 1 0 0.05
1985 3 1 672 0.05
1985 4 1 0 0.05
1986 1 1 0 0.05
1986 2 1 0 0.05
1986 3 1 971 0.05
1986 4 1 0 0.05
1987 1 1 0 0.05
1987 2 1 0 0.05
1987 3 1 888 0.05
1987 4 1 0 0.05
1988 1 1 0 0.05
1988 2 1 0 0.05
1988 3 1 1296 0.05
1988 4 1 0 0.05
1989 1 1 0 0.05
1989 2 1 0 0.05
1989 3 1 857 0.05
1989 4 1 0 0.05
1990 1 1 0 0.05
1990 2 1 0 0.05
1990 3 1 675 0.05
1990 4 1 0 0.05
1991 1 1 0 0.05
1991 2 1 0 0.05
1991 3 1 906 0.05
1991 4 1 0 0.05
1992 1 1 0 0.05
1992 2 1 0 0.05
1992 3 1 687 0.05
1992 4 1 0 0.05
1993 1 1 0 0.05
1993 2 1 0 0.05
1993 3 1 614 0.05
1993 4 1 0 0.05
1994 1 1 0 0.05
1994 2 1 0 0.05
1994 3 1 521 0.05
1994 4 1 0 0.05
1995 1 1 0 0.05
1995 2 1 0 0.05
1995 3 1 433 0.05
1995 4 1 0 0.05
1996 1 1 0 0.05
1996 2 1 0 0.05
1996 3 1 825 0.05
1996 4 1 0 0.05
1997 1 1 0 0.05
1997 2 1 0 0.05
1997 3 1 672 0.05
1997 4 1 0 0.05
1998 1 1 0 0.05
1998 2 1 0 0.05
1998 3 1 396 0.05
1998 4 1 0 0.05
1999 1 1 0 0.05
1999 2 1 0 0.05
1999 3 1 243 0.05
1999 4 1 0 0.05
2000 1 1 0 0.05
2000 2 1 0 0.05
2000 3 1 425 0.05
2000 4 1 0 0.05
2001 1 1 0 0.05
2001 2 1 0 0.05
2001 3 1 692 0.05
2001 4 1 0 0.05
2002 1 1 0 0.05
2002 2 1 0 0.05
2002 3 1 835 0.05
2002 4 1 0 0.05
2003 1 1 0 0.05
2003 2 1 0 0.05
2003 3 1 1371 0.05
2003 4 1 0 0.05
2004 1 1 0 0.05
2004 2 1 0 0.05
2004 3 1 1586 0.05
2004 4 1 0 0.05
2005 1 1 0 0.05
2005 2 1 0 0.05
2005 3 1 1465 0.05
2005 4 1 0 0.05
2006 1 1 0 0.05
2006 2 1 0 0.05
2006 3 1 1087 0.05
2006 4 1 0 0.05
2007 1 1 0 0.05
2007 2 1 0 0.05
2007 3 1 795 0.05
2007 4 1 0 0.05
2008 1 1 0 0.05
2008 2 1 0 0.05
2008 3 1 539 0.05
2008 4 1 0 0.05
2009 1 1 0 0.05
2009 2 1 0 0.05
2009 3 1 884 0.05
2009 4 1 0 0.05
2010 1 1 0 0.05
2010 2 1 0 0.05
2010 3 1 938 0.05
2010 4 1 0 0.05
2011 1 1 0 0.05
2011 2 1 0 0.05
2011 3 1 1032 0.05
2011 4 1 0 0.05
2012 1 1 0 0.05
2012 2 1 0 0.05
2012 3 1 1280 0.05
2012 4 1 0 0.05
2013 1 1 0 0.05
2013 2 1 0 0.05
2013 3 1 1375 0.05
2013 4 1 0 0.05
2014 1 1 0 0.05
2014 2 1 0 0.05
2014 3 1 1692 0.05
2014 4 1 0 0.05
2015 1 1 0 0.05
2015 2 1 0 0.05
2015 3 1 1669 0.05
2015 4 1 0 0.05
2016 1 1 0 0.05
2016 2 1 0 0.05
2016 3 1 1483 0.05
2016 4 1 0 0.05
2017 1 1 0 0.05
2017 2 1 0 0.05
2017 3 1 871 0.05
2017 4 1 0 0.05
2018 1 1 0 0.05
2018 2 1 0 0.05
2018 3 1 985 0.05
2018 4 1 0 0.05
2019 1 1 0 0.05
2019 2 1 0 0.05
2019 3 1 725 0.05
2019 4 1 0 0.05
2020 1 1 0 0.05
2020 2 1 0 0.05
2020 3 1 750 0.05
2020 4 1 0 0.05
-9999 0 0 0 0
#
#_CPUE_and_surveyabundance_and_index_observations
#_Units: 0=numbers; 1=biomass; 2=F; 30=spawnbio; 31=exp(recdev); 36=recdev; 32=spawnbio*recdev; 33=recruitment; 34=depletion(&see Qsetup); 35=parm_dev(&see Qsetup)
#_Errtype:  -1=normal; 0=lognormal; >0=T
#_SD_Report: 0=no sdreport; 1=enable sdreport
#_note that link functions are specified in Q_setup section of control file
#_Fleet Units Errtype SD_Report
1 1 0 0 # Fleet
2 1 0 0 # Seals
3 1 0 0 # CPUE
4 0 0 0 # Acoustic
#_yr month fleet obs stderr
1999 10 3 21.4 0.427 #_ CPUE
2000 10 3 66.7 0.311 #_ CPUE
2001 10 3 83.3 0.246 #_ CPUE
2002 10 3 133.3 0.28 #_ CPUE
2003 10 3 250 0.275 #_ CPUE
2004 10 3 220 0.281 #_ CPUE
2005 10 3 198.2 0.276 #_ CPUE
2006 10 3 105.6 0.314 #_ CPUE
2007 10 3 83.3 0.279 #_ CPUE
2008 10 3 62.5 0.267 #_ CPUE
2009 10 3 116.7 0.24 #_ CPUE
2010 10 3 108.3 0.276 #_ CPUE
2011 10 3 121.8 0.313 #_ CPUE
2012 10 3 143.7 0.266 #_ CPUE
2013 10 3 175 0.302 #_ CPUE
2014 10 3 334.2 0.27 #_ CPUE
2015 10 3 235.7 0.339 #_ CPUE
2016 10 3 171.4 0.312 #_ CPUE
2017 10 3 88.9 0.265 #_ CPUE
2018 10 3 112.1 0.256 #_ CPUE
2019 10 3 93.3 0.323 #_ CPUE
2020 10 3 86.6 0.316 #_ CPUE
2009 9.3 4 54 0.49 #_ Acoustic
2010 9.3 4 94 0.35 #_ Acoustic
2011 9.3 4 141 0.46 #_ Acoustic
2012 9.3 4 106 0.44 #_ Acoustic
2013 11 4 504 0.26 #_ Acoustic
2014 11 4 166 0.36 #_ Acoustic
2015 10.4 -4 400 0.25 #_ Acoustic
2016 10.4 -4 309 0.14 #_ Acoustic
2017 10.4 4 146 0.16 #_ Acoustic
2018 10.4 4 183 0.2 #_ Acoustic
2019 10.4 4 165 0.18 #_ Acoustic
2020 10.4 4 114 0.18 #_ Acoustic
-9999 1 1 1 1 # terminator for survey observations 
#
1 #_N_fleets_with_discard
#_discard_units (1=same_as_catchunits(bio/num); 2=fraction; 3=numbers)
#_discard_errtype:  >0 for DF of T-dist(read CV below); 0 for normal with CV; -1 for normal with se; -2 for lognormal; -3 for trunc normal with CV
# note: only enter units and errtype for fleets with discard 
# note: discard data is the total for an entire season, so input of month here must be to a month in that season
#_Fleet units errtype
2 1 -2 # Seals
#_yr month fleet obs stderr
1980 2.5 2 76 0.2 #_ Seals
1980 5.5 2 76 0.2 #_ Seals
1980 8.5 2 197 0.2 #_ Seals
1980 11.5 2 197 0.2 #_ Seals
1981 2.5 2 79 0.2 #_ Seals
1981 5.5 2 79 0.2 #_ Seals
1981 8.5 2 206 0.2 #_ Seals
1981 11.5 2 206 0.2 #_ Seals
1982 2.5 2 83 0.2 #_ Seals
1982 5.5 2 83 0.2 #_ Seals
1982 8.5 2 216 0.2 #_ Seals
1982 11.5 2 216 0.2 #_ Seals
1983 2.5 2 86 0.2 #_ Seals
1983 5.5 2 86 0.2 #_ Seals
1983 8.5 2 225 0.2 #_ Seals
1983 11.5 2 225 0.2 #_ Seals
1984 2.5 2 90 0.2 #_ Seals
1984 5.5 2 90 0.2 #_ Seals
1984 8.5 2 236 0.2 #_ Seals
1984 11.5 2 236 0.2 #_ Seals
1985 2.5 2 94 0.2 #_ Seals
1985 5.5 2 94 0.2 #_ Seals
1985 8.5 2 246 0.2 #_ Seals
1985 11.5 2 246 0.2 #_ Seals
1986 2.5 2 99 0.2 #_ Seals
1986 5.5 2 99 0.2 #_ Seals
1986 8.5 2 257 0.2 #_ Seals
1986 11.5 2 257 0.2 #_ Seals
1987 2.5 2 103 0.2 #_ Seals
1987 5.5 2 103 0.2 #_ Seals
1987 8.5 2 269 0.2 #_ Seals
1987 11.5 2 269 0.2 #_ Seals
1988 2.5 2 108 0.2 #_ Seals
1988 5.5 2 108 0.2 #_ Seals
1988 8.5 2 281 0.2 #_ Seals
1988 11.5 2 281 0.2 #_ Seals
1989 2.5 2 113 0.2 #_ Seals
1989 5.5 2 113 0.2 #_ Seals
1989 8.5 2 294 0.2 #_ Seals
1989 11.5 2 294 0.2 #_ Seals
1990 2.5 2 118 0.2 #_ Seals
1990 5.5 2 118 0.2 #_ Seals
1990 8.5 2 308 0.2 #_ Seals
1990 11.5 2 308 0.2 #_ Seals
1991 2.5 2 123 0.2 #_ Seals
1991 5.5 2 123 0.2 #_ Seals
1991 8.5 2 321 0.2 #_ Seals
1991 11.5 2 321 0.2 #_ Seals
1992 2.5 2 129 0.2 #_ Seals
1992 5.5 2 129 0.2 #_ Seals
1992 8.5 2 336 0.2 #_ Seals
1992 11.5 2 336 0.2 #_ Seals
1993 2.5 2 135 0.2 #_ Seals
1993 5.5 2 135 0.2 #_ Seals
1993 8.5 2 351 0.2 #_ Seals
1993 11.5 2 351 0.2 #_ Seals
1994 2.5 2 141 0.2 #_ Seals
1994 5.5 2 141 0.2 #_ Seals
1994 8.5 2 367 0.2 #_ Seals
1994 11.5 2 367 0.2 #_ Seals
1995 2.5 2 147 0.2 #_ Seals
1995 5.5 2 147 0.2 #_ Seals
1995 8.5 2 384 0.2 #_ Seals
1995 11.5 2 384 0.2 #_ Seals
1996 2.5 2 154 0.2 #_ Seals
1996 5.5 2 154 0.2 #_ Seals
1996 8.5 2 402 0.2 #_ Seals
1996 11.5 2 402 0.2 #_ Seals
1997 2.5 2 161 0.2 #_ Seals
1997 5.5 2 161 0.2 #_ Seals
1997 8.5 2 420 0.2 #_ Seals
1997 11.5 2 420 0.2 #_ Seals
1998 2.5 2 168 0.2 #_ Seals
1998 5.5 2 168 0.2 #_ Seals
1998 8.5 2 439 0.2 #_ Seals
1998 11.5 2 439 0.2 #_ Seals
1999 2.5 2 176 0.2 #_ Seals
1999 5.5 2 176 0.2 #_ Seals
1999 8.5 2 459 0.2 #_ Seals
1999 11.5 2 459 0.2 #_ Seals
2000 2.5 2 184 0.2 #_ Seals
2000 5.5 2 184 0.2 #_ Seals
2000 8.5 2 480 0.2 #_ Seals
2000 11.5 2 480 0.2 #_ Seals
2001 2.5 2 192 0.2 #_ Seals
2001 5.5 2 192 0.2 #_ Seals
2001 8.5 2 502 0.2 #_ Seals
2001 11.5 2 502 0.2 #_ Seals
2002 2.5 2 201 0.2 #_ Seals
2002 5.5 2 201 0.2 #_ Seals
2002 8.5 2 524 0.2 #_ Seals
2002 11.5 2 524 0.2 #_ Seals
2003 2.5 2 210 0.2 #_ Seals
2003 5.5 2 210 0.2 #_ Seals
2003 8.5 2 548 0.2 #_ Seals
2003 11.5 2 548 0.2 #_ Seals
2004 2.5 2 220 0.2 #_ Seals
2004 5.5 2 220 0.2 #_ Seals
2004 8.5 2 573 0.2 #_ Seals
2004 11.5 2 573 0.2 #_ Seals
2005 2.5 2 230 0.2 #_ Seals
2005 5.5 2 230 0.2 #_ Seals
2005 8.5 2 599 0.2 #_ Seals
2005 11.5 2 599 0.2 #_ Seals
2006 2.5 2 240 0.2 #_ Seals
2006 5.5 2 240 0.2 #_ Seals
2006 8.5 2 626 0.2 #_ Seals
2006 11.5 2 626 0.2 #_ Seals
2007 2.5 2 251 0.2 #_ Seals
2007 5.5 2 251 0.2 #_ Seals
2007 8.5 2 655 0.2 #_ Seals
2007 11.5 2 655 0.2 #_ Seals
2008 2.5 2 262 0.2 #_ Seals
2008 5.5 2 262 0.2 #_ Seals
2008 8.5 2 685 0.2 #_ Seals
2008 11.5 2 685 0.2 #_ Seals
2009 2.5 2 275 0.2 #_ Seals
2009 5.5 2 275 0.2 #_ Seals
2009 8.5 2 707 0.2 #_ Seals
2009 11.5 2 707 0.2 #_ Seals
2010 2.5 2 288 0.2 #_ Seals
2010 5.5 2 288 0.2 #_ Seals
2010 8.5 2 730 0.2 #_ Seals
2010 11.5 2 730 0.2 #_ Seals
2011 2.5 2 302 0.2 #_ Seals
2011 5.5 2 302 0.2 #_ Seals
2011 8.5 2 753 0.2 #_ Seals
2011 11.5 2 753 0.2 #_ Seals
2012 2.5 2 317 0.2 #_ Seals
2012 5.5 2 317 0.2 #_ Seals
2012 8.5 2 777 0.2 #_ Seals
2012 11.5 2 777 0.2 #_ Seals
2013 2.5 2 332 0.2 #_ Seals
2013 5.5 2 332 0.2 #_ Seals
2013 8.5 2 802 0.2 #_ Seals
2013 11.5 2 802 0.2 #_ Seals
2014 2.5 2 348 0.2 #_ Seals
2014 5.5 2 348 0.2 #_ Seals
2014 8.5 2 827 0.2 #_ Seals
2014 11.5 2 827 0.2 #_ Seals
2015 2.5 2 364 0.2 #_ Seals
2015 5.5 2 364 0.2 #_ Seals
2015 8.5 2 853 0.2 #_ Seals
2015 11.5 2 853 0.2 #_ Seals
2016 2.5 2 293 0.2 #_ Seals
2016 5.5 2 293 0.2 #_ Seals
2016 8.5 2 814 0.2 #_ Seals
2016 11.5 2 814 0.2 #_ Seals
2017 2.5 2 215 0.2 #_ Seals
2017 5.5 2 215 0.2 #_ Seals
2017 8.5 2 771 0.2 #_ Seals
2017 11.5 2 771 0.2 #_ Seals
2018 2.5 2 129 0.2 #_ Seals
2018 5.5 2 129 0.2 #_ Seals
2018 8.5 2 721 0.2 #_ Seals
2018 11.5 2 721 0.2 #_ Seals
2019 2.5 2 35 0.2 #_ Seals
2019 5.5 2 35 0.2 #_ Seals
2019 8.5 2 666 0.2 #_ Seals
2019 11.5 2 666 0.2 #_ Seals
2020 2.5 2 132 0.2 #_ Seals
2020 5.5 2 132 0.2 #_ Seals
2020 8.5 2 396 0.2 #_ Seals
2020 11.5 2 396 0.2 #_ Seals
-9999 0 0 0.0 0.0 # terminator for discard data 
#
0 #_use meanbodysize_data (0/1)
#_COND_0 #_DF_for_meanbodysize_T-distribution_like
# note:  type=1 for mean length; type=2 for mean body weight 
#_yr month fleet part type obs stderr
#  -9999 0 0 0 0 0 0 # terminator for mean body size data 
#
# set up population length bin structure (note - irrelevant if not using size data and using empirical wtatage
2 # length bin method: 1=use databins; 2=generate from binwidth,min,max below; 3=read vector
0.5 # binwidth for population size comp 
1 # minimum size in the population (lower edge of first bin and size at age 0.00) 
26 # maximum size in the population (lower edge of last bin) 
1 # use length composition data (0/1/2) where 2 invokes new comp_control format
#_mintailcomp: upper and lower distribution for females and males separately are accumulated until exceeding this level.
#_addtocomp:  after accumulation of tails; this value added to all bins
#_combM+F: males and females treated as combined gender below this bin number 
#_compressbins: accumulate upper tail by this number of bins; acts simultaneous with mintailcomp; set=0 for no forced accumulation
#_Comp_Error:  0=multinomial, 1=dirichlet using Theta*n, 2=dirichlet using beta, 3=MV_Tweedie
#_ParmSelect:  consecutive index for dirichlet or MV_Tweedie
#_minsamplesize: minimum sample size; set to 1 to match 3.24, minimum value is 0.001
#
#_Using old format for composition controls
#_mintailcomp addtocomp combM+F CompressBins CompError ParmSelect minsamplesize
-1 1e-07 0 8 1 1 0.01 #_fleet:1_Fleet
-1 1e-07 0 8 1 2 0.01 #_fleet:2_Seals
-1 1e-07 0 8 0 0 0.01 #_fleet:3_CPUE
-1 1e-07 0 8 1 3 0.01 #_fleet:4_Acoustic
# sex codes:  0=combined; 1=use female only; 2=use male only; 3=use both as joint sexxlength distribution
# partition codes:  (0=combined; 1=discard; 2=retained
35 #_N_LengthBins; then enter lower edge of each length bin
 8 8.5 9 9.5 10 10.5 11 11.5 12 12.5 13 13.5 14 14.5 15 15.5 16 16.5 17 17.5 18 18.5 19 19.5 20 20.5 21 21.5 22 22.5 23 23.5 24 24.5 25
#_yr month fleet sex part Nsamp datavector(female-male)
 1997 9.5 1 0 0 5 0 0 0 0.5 1.5 5.5 23 41.5 58.5 28.5 27 29 52 55.5 46.5 23.5 19.5 6 6 1.5 0.5 0 0 0 0 0 0 0 0 0 0 0 0 0 0
 1998 9.5 1 0 0 17 0 0 0.5 1 11 35.5 100 137 69 22 12.5 47.5 111 185 206 143.5 107 41.5 20 11 2.5 1.5 0 0 0 1 0 0 0 0 0 0 0 0 0
 1999 9.5 1 0 0 33 0 0 9.32 29.21 186.97 763.9 1202.68 775.66 261.4 57.72 16.22 48.7 150.85 178.86 258.29 211.27 160.4 92.32 51.73 24.02 5.73 1.86 2.62 0 0 0 0 0 0 0 0 0 0 0 0
 2000 9.5 1 0 0 29 0 0 6.9 15.68 62.41 180.27 365.45 253.8 145.64 180.91 600.57 641.24 711.52 430.26 317.54 150.11 92.68 55.71 49.25 26.4 14.47 4.76 1.59 0 0 0 0 0 0 0 0 0 0 0 0
 2001 9.5 1 0 0 31 0 0 12.23 74.91 398.42 885.41 882.11 436.8 213.46 83.12 81.02 130.18 344.92 421.78 520.12 426.67 254.25 97.93 47.77 16.65 5.92 3.19 0.73 0.73 0 0 0 0 0 0 0 0 0 0 0
 2002 9.5 1 0 0 16 0.29 4.01 66.83 108.08 161.6 125.27 121.12 119.57 188.47 235.89 232.75 156.09 152.53 109.97 103.1 58.11 44.83 22.27 6.57 1.71 1 0.71 0 0 0 0 0 0 0 0 0 0 0 0 0
 2003 9.5 1 0 0 10 0 0 4.31 19.23 111.27 294.26 310.46 127.04 131.12 120.83 248.69 244.74 256.44 172.94 143.04 83.6 44.31 22.95 11.77 7.46 2.15 0 0 0 0 0 0 0 0 0 0 0 0 0 0
 2004 9.5 1 0 0 10 0 0 2.16 11.65 25.19 33.28 20.14 15.26 56.19 153.36 256 275.72 221.07 108.22 47.56 27.07 20.03 7.05 4.33 0.72 0.72 0 0 0.72 0 0 0 0 0 0 0 0 0 0 0
 2005 9.5 1 0 0 12 0 0 0 0.26 4.68 7.41 5.15 3.68 2.26 5.47 30.86 63.45 123.28 139.08 120.73 49.86 21.12 5.88 5.15 0 0 0 0 0 0 0 0 0 0 0 0 0 0 0 0
 2006 9.5 1 0 0 8 0 0 0 2.32 7.61 8.66 27 8.39 7.74 31.21 75.89 120.08 202.96 141.51 106.85 26.11 17.82 2.97 0.34 1 0 0 0 0 0 0 0 0 0 0 0 0 0 0 0
 2007 9.5 1 0 0 10 0 0 0.48 0.95 12.75 26.85 18.75 8.28 2.48 7.05 47.07 84.12 148.16 107.85 77.5 39.1 6.38 2.38 2.43 0 0 0 0 0 0 0 0 0 0 0 0 0 0 0 0
 2008 9.5 1 0 0 23 0 0 4.34 16.21 78.89 219.59 224.48 83.32 60.76 132.67 202.53 217.04 254.67 199.16 172.45 102.87 47.5 16.13 6.26 0 0 0 0 0 0 0 0 0 0 0 0 0 0 0 0
 2009 9.5 1 0 0 22 0 3.41 43.47 166.63 301.91 420.37 302.92 87.02 137.45 269.97 571.97 554.06 547.68 334.94 215.01 127.45 86.26 25.9 9.63 2.21 1.21 0.6 0.6 0 0 0 0 0 0 0 0 0 0 0 0
 2010 9.5 1 0 0 21 7.14 28.55 202.23 240.14 298.09 220.32 148.11 112.82 388.95 534.78 784.64 578.53 488.9 212.47 181.58 92.57 41.61 11.06 5.49 1.93 0.36 0 0 0 0 0 0 0 0 0 0 0 0 0 0
 2011 9.5 1 0 0 16 0 0.38 4.26 12.16 96.67 214.59 266.53 198.66 206.47 279.56 470.32 519.03 555.9 303.65 187.24 85.42 35.96 17.23 10.12 0 0 0 0 0.38 0 0 0 0 0 0 0 0 0 0 0
 2012 9.5 1 0 0 15 0 0 0.77 17.68 45.17 54.24 37.46 92.13 242 359.37 482.63 488.49 384.06 233.02 124.75 31.96 12.9 6.51 1.61 2.45 0 0 0 0 0 0 0 0 0 0 0 0 0 0 0
 2013 9.5 1 0 0 14 0.37 0 11.03 40 121.93 166.59 156.62 54.76 67.92 123.19 206.89 247.23 307.8 300.06 231.93 119.98 51.26 23.26 8.07 4.43 1.27 0 0 0.63 0 0 0 0 0 0 0 0 0 0 0
 2014 9.5 1 0 0 9 0 0 1.15 6.68 15.41 28.94 39.94 64.46 98.99 130.29 173.22 183.66 143.63 72.83 55.62 29.56 17.83 9.03 2.47 1.24 3.09 0 0 0 0 0 0 0 0 0 0 0 0 0 0
 2015 9.5 1 0 0 14 0 0 3.26 7.53 38.28 54.74 67.19 61.72 156.57 272.65 385.74 353.11 314.36 182.67 108.48 52.53 21.89 6.79 4.83 1 1.57 1 0 0 0 0 0 0 0 0 0 0 0 0 0
 2016 9.5 1 0 0 14 0 0 1 13.6 51.48 47.24 36.4 63.8 179.28 304.48 417.12 369.24 292.6 197.16 120.24 52.48 11.84 10.92 4.36 1.36 0.36 0.36 0.64 0 0 0 0 0 0 0 0 0 0 0 0
 2017 9.5 1 0 0 16 0 0 16.47 35.62 147.15 97.01 35.35 15.03 57.46 205.77 427.33 422.49 364.87 239.8 151.79 77.69 49.1 12.82 6.72 5.72 1.28 0 0 0 0 0 0 0 0 0 0 0 0 0 0
 2018 9.5 1 0 0 12 0 0 0 1.25 3.74 34.05 81.86 173.15 89.13 68.56 88.64 149.65 171.74 177.33 142.12 114.3 47.38 18.31 12.9 7.15 1.51 2.75 0.75 0 0 0 0 0 0 0 0 0 0 0 0
 2019 9.5 1 0 0 15 0 0 0 0 5.47 30.71 106.52 209.66 155.5 122.57 60.25 129.91 273.81 323.62 233.58 179.9 119.98 81.67 53.64 23.6 10.04 4 0 1.27 0.27 0.27 0 0 0 0 0 0 0 0 0
 2020 9.5 1 0 0 15 0 0 0 0.5 10.53 29.04 62.05 70.87 38.9 30.51 51.69 118.85 189.36 291.02 246.98 200.86 107.63 67.21 33.34 15.44 3.98 1 0.5 2.5 0 0 0.5 0 0 0 0 0 0 0 0
 2008 7 2 0 0 25 0 0 2 0 0 0 0 1 5 34 81 75 74 98 127 77 48 18 5 1 0 0 0 0 0 0 0 0 0 0 0 0 0 0 0
 2015 7 2 0 0 14 0 0 0 0 1 0 0 0 1 2 20 17 42 48 33 12 7 1 1 0 0 0 0 0 0 0 0 0 0 0 0 0 0 0 0
 2019 7 2 0 0 13 0 0 0 0 0 0 0 0 1 4 5 14 16 16 20 15 16 4 7 3 1 0 0 0 0 0 0 0 0 0 0 0 0 0 0
 2020 7 2 0 0 25 0 0 0 0 0 0 1 0 1 8 44 23 20 26 23 13 5 7 4 1 1 2 2 1 1 1 1 0 0 0 0 0 0 0 0
 2009 9.3 4 0 0 11 0 6 36 45 60 76 41 23 70 201 357 350 406 310 216 124 77 26 25 3 0 0 1 0 0 0 0 0 0 0 0 0 0 0 0
 2010 9.3 4 0 0 12 2 21 85 133 150 48 13 46 237 366 454 359 318 209 144 61 39 17 12 3 2 0 0 0 1 0 0 0 0 0 0 0 0 0 0
 2011 9.3 4 0 0 12 1 2 23 101 135 114 60 113 216 263 401 407 369 244 142 58 34 10 3 2 1 1 1 0 0 0 0 0 1 1 1 1 1 1 1
 2012 9.3 4 0 0 12 0 1 20 61 93 36 27 138 317 332 389 321 268 178 102 58 44 35 17 10 4 0 1 0 2 0 0 0 0 0 0 0 0 0 0
 2013 11 4 0 0 12 0 1 16 178 584 853 674 310 122 114 187 151 120 126 79 67 32 3 2 1 0 0 0 0 0 0 0 0 0 0 0 0 0 0 0
 2014 11 4 0 0 12 0 0 5 10 73 169 232 214 359 284 372 231 210 107 62 33 20 15 6 1 1 0 0 0 0 0 0 0 0 0 0 0 0 0 0
 2016 10.4 -4 0 0 8 0 0 0 5 31 33 11 6 46 44 24 11 10 5 5 1 1 1 0 0 0 0 0 0 0 0 0 0 0 0 0 0 0 0 0
 2017 10.4 4 0 0 9 0 0 0 3 50 98 96 27 12 43 181 218 315 207 203 84 62 17 14 7 4 1 1 0 0 0 0 0 0 0 0 0 0 0 0
 2018 10.4 4 0 0 11 0 0 1 0 11 16 213 273 241 58 110 163 392 233 211 81 80 25 24 9 8 2 6 1 0 0 0 0 0 0 0 0 0 0 0
 2019 10.4 4 0 0 11 0 1 0 5 19 74 194 229 204 71 70 178 265 254 208 139 119 65 41 15 7 4 2 3 0 0 1 0 0 0 0 0 0 0 0
 2020 10.4 4 0 0 10 0 0 2 0 12 21 80 89 39 35 79 174 273 247 240 99 73 39 15 7 2 2 1 0 0 0 0 0 0 0 0 0 0 0 0
-9999 0 0 0 0 0 0 0 0 0 0 0 0 0 0 0 0 0 0 0 0 0 0 0 0 0 0 0 0 0 0 0 0 0 0 0 0 0 0 0 0 
#
13 #_N_age_bins
 0 1 2 3 4 5 6 7 8 9 10 11 12
1 #_N_ageerror_definitions
 0.5 1.5 2.5 3.5 4.5 5.5 6.5 7.5 8.5 9.5 10.5 11.5 12.5
 0.001 0.001 0.001 0.001 0.001 0.001 0.001 0.001 0.001 0.001 0.001 0.001 0.001
#_mintailcomp: upper and lower distribution for females and males separately are accumulated until exceeding this level.
#_addtocomp:  after accumulation of tails; this value added to all bins
#_combM+F: males and females treated as combined gender below this bin number 
#_compressbins: accumulate upper tail by this number of bins; acts simultaneous with mintailcomp; set=0 for no forced accumulation
#_Comp_Error:  0=multinomial, 1=dirichlet using Theta*n, 2=dirichlet using beta, 3=MV_Tweedie
#_ParmSelect:  consecutive index for dirichlet or MV_Tweedie
#_minsamplesize: minimum sample size; set to 1 to match 3.24, minimum value is 0.001
#
#_mintailcomp addtocomp combM+F CompressBins CompError ParmSelect minsamplesize
-1 1e-07 0 0 1 4 0.001 #_fleet:1_Fleet
-1 1e-07 0 0 0 0 0.001 #_fleet:2_Seals
-1 1e-07 0 0 0 0 0.001 #_fleet:3_CPUE
-1 1e-07 0 0 1 5 0.001 #_fleet:4_Acoustic
3 #_Lbin_method_for_Age_Data: 1=poplenbins; 2=datalenbins; 3=lengths
# sex codes:  0=combined; 1=use female only; 2=use male only; 3=use both as joint sexxlength distribution
# partition codes:  (0=combined; 1=discard; 2=retained
#_yr month fleet sex part ageerr Lbin_lo Lbin_hi Nsamp datavector(female-male)
 2001 9.5 1 0 0 1 9.5 9.5 19 1 0 0 0 0 0 0 0 0 0 0 0 0
 2001 9.5 1 0 0 1 10 10 66 1 0 0 0 0 0 0 0 0 0 0 0 0
 2001 9.5 1 0 0 1 10.5 10.5 101 0.979 0 0.016 0 0.006 0 0 0 0 0 0 0 0
 2001 9.5 1 0 0 1 11 11 86 1 0 0 0 0 0 0 0 0 0 0 0 0
 2001 9.5 1 0 0 1 11.5 11.5 59 0.952 0.048 0 0 0 0 0 0 0 0 0 0 0
 2001 9.5 1 0 0 1 12 12 26 0.933 0.067 0 0 0 0 0 0 0 0 0 0 0
 2001 9.5 1 0 0 1 12.5 12.5 16 0.398 0.531 0.071 0 0 0 0 0 0 0 0 0 0
 2001 9.5 1 0 0 1 13 13 38 0.088 0.599 0.294 0.019 0 0 0 0 0 0 0 0 0
 2001 9.5 1 0 0 1 13.5 13.5 78 0 0.606 0.363 0.024 0.008 0 0 0 0 0 0 0 0
 2001 9.5 1 0 0 1 14 14 107 0 0.495 0.48 0.019 0.006 0 0 0 0 0 0 0 0
 2001 9.5 1 0 0 1 14.5 14.5 151 0 0.413 0.506 0.056 0.017 0.004 0 0.004 0 0 0 0 0
 2001 9.5 1 0 0 1 15 15 122 0.005 0.281 0.614 0.049 0.023 0.028 0 0 0 0 0 0 0
 2001 9.5 1 0 0 1 15.5 15.5 95 0 0.247 0.631 0.066 0.034 0.017 0.006 0 0 0 0 0 0
 2001 9.5 1 0 0 1 16 16 36 0 0.119 0.671 0.152 0.058 0 0 0 0 0 0 0 0
 2001 9.5 1 0 0 1 16.5 16.5 18 0 0.081 0.547 0.141 0.141 0.03 0.03 0.03 0 0 0 0 0
 2001 9.5 1 0 0 1 17 17 3 0 0 0 0 0.333 0.333 0.333 0 0 0 0 0 0
 2001 9.5 1 0 0 1 17.5 17.5 1 0 0 1 0 0 0 0 0 0 0 0 0 0
 2001 9.5 1 0 0 1 18 18 3 0 0 0 0 0.333 0.333 0.333 0 0 0 0 0 0
 2002 9.5 1 0 0 1 8 8 1 1 0 0 0 0 0 0 0 0 0 0 0 0
 2002 9.5 1 0 0 1 8.5 8.5 9 1 0 0 0 0 0 0 0 0 0 0 0 0
 2002 9.5 1 0 0 1 9 9 18 1 0 0 0 0 0 0 0 0 0 0 0 0
 2002 9.5 1 0 0 1 9.5 9.5 20 1 0 0 0 0 0 0 0 0 0 0 0 0
 2002 9.5 1 0 0 1 10 10 33 1 0 0 0 0 0 0 0 0 0 0 0 0
 2002 9.5 1 0 0 1 10.5 10.5 38 1 0 0 0 0 0 0 0 0 0 0 0 0
 2002 9.5 1 0 0 1 11 11 43 0.774 0.226 0 0 0 0 0 0 0 0 0 0 0
 2002 9.5 1 0 0 1 11.5 11.5 37 0.352 0.648 0 0 0 0 0 0 0 0 0 0 0
 2002 9.5 1 0 0 1 12 12 37 0.014 0.95 0 0.036 0 0 0 0 0 0 0 0 0
 2002 9.5 1 0 0 1 12.5 12.5 45 0.026 0.974 0 0 0 0 0 0 0 0 0 0 0
 2002 9.5 1 0 0 1 13 13 40 0 1 0 0 0 0 0 0 0 0 0 0 0
 2002 9.5 1 0 0 1 13.5 13.5 45 0.013 0.942 0.045 0 0 0 0 0 0 0 0 0 0
 2002 9.5 1 0 0 1 14 14 39 0 0.878 0.109 0.013 0 0 0 0 0 0 0 0 0
 2002 9.5 1 0 0 1 14.5 14.5 31 0 0.699 0.239 0.062 0 0 0 0 0 0 0 0 0
 2002 9.5 1 0 0 1 15 15 55 0 0.383 0.5 0.096 0.022 0 0 0 0 0 0 0 0
 2002 9.5 1 0 0 1 15.5 15.5 27 0 0.13 0.537 0.268 0.019 0 0 0.046 0 0 0 0 0
 2002 9.5 1 0 0 1 16 16 26 0 0.045 0.545 0.366 0.045 0 0 0 0 0 0 0 0
 2002 9.5 1 0 0 1 16.5 16.5 11 0 0 0.326 0.435 0.109 0.044 0.044 0.044 0 0 0 0 0
 2002 9.5 1 0 0 1 17 17 2 0 0 0 0 1 0 0 0 0 0 0 0 0
 2002 9.5 1 0 0 1 17.5 17.5 1 0 0 0 1 0 0 0 0 0 0 0 0 0
 2002 9.5 1 0 0 1 18.5 18.5 1 0 0 0 0 0 0 1 0 0 0 0 0 0
 2003 9.5 1 0 0 1 9 9 2 1 0 0 0 0 0 0 0 0 0 0 0 0
 2003 9.5 1 0 0 1 9.5 9.5 13 1 0 0 0 0 0 0 0 0 0 0 0 0
 2003 9.5 1 0 0 1 10 10 51 1 0 0 0 0 0 0 0 0 0 0 0 0
 2003 9.5 1 0 0 1 10.5 10.5 106 1 0 0 0 0 0 0 0 0 0 0 0 0
 2003 9.5 1 0 0 1 11 11 47 0.974 0.026 0 0 0 0 0 0 0 0 0 0 0
 2003 9.5 1 0 0 1 11.5 11.5 19 0.494 0.506 0 0 0 0 0 0 0 0 0 0 0
 2003 9.5 1 0 0 1 12 12 29 0.118 0.882 0 0 0 0 0 0 0 0 0 0 0
 2003 9.5 1 0 0 1 12.5 12.5 43 0 0.942 0.058 0 0 0 0 0 0 0 0 0 0
 2003 9.5 1 0 0 1 13 13 54 0 0.864 0.136 0 0 0 0 0 0 0 0 0 0
 2003 9.5 1 0 0 1 13.5 13.5 59 0 0.77 0.23 0 0 0 0 0 0 0 0 0 0
 2003 9.5 1 0 0 1 14 14 64 0 0.585 0.357 0.058 0 0 0 0 0 0 0 0 0
 2003 9.5 1 0 0 1 14.5 14.5 38 0 0.357 0.643 0 0 0 0 0 0 0 0 0 0
 2003 9.5 1 0 0 1 15 15 34 0 0.28 0.65 0.035 0.035 0 0 0 0 0 0 0 0
 2003 9.5 1 0 0 1 15.5 15.5 20 0 0.053 0.713 0.181 0.053 0 0 0 0 0 0 0 0
 2003 9.5 1 0 0 1 16 16 9 0 0.238 0.357 0.238 0.166 0 0 0 0 0 0 0 0
 2003 9.5 1 0 0 1 16.5 16.5 4 0 0 0.25 0.75 0 0 0 0 0 0 0 0 0
 2003 9.5 1 0 0 1 17 17 3 0 0 0 1 0 0 0 0 0 0 0 0 0
 2004 9.5 1 0 0 1 9 9 3 1 0 0 0 0 0 0 0 0 0 0 0 0
 2004 9.5 1 0 0 1 9.5 9.5 7 1 0 0 0 0 0 0 0 0 0 0 0 0
 2004 9.5 1 0 0 1 10 10 16 1 0 0 0 0 0 0 0 0 0 0 0 0
 2004 9.5 1 0 0 1 10.5 10.5 7 1 0 0 0 0 0 0 0 0 0 0 0 0
 2004 9.5 1 0 0 1 11 11 3 0.333 0.667 0 0 0 0 0 0 0 0 0 0 0
 2004 9.5 1 0 0 1 11.5 11.5 16 0 0.971 0.029 0 0 0 0 0 0 0 0 0 0
 2004 9.5 1 0 0 1 12 12 27 0 0.903 0.097 0 0 0 0 0 0 0 0 0 0
 2004 9.5 1 0 0 1 12.5 12.5 73 0 0.809 0.174 0.017 0 0 0 0 0 0 0 0 0
 2004 9.5 1 0 0 1 13 13 83 0 0.734 0.232 0.034 0 0 0 0 0 0 0 0 0
 2004 9.5 1 0 0 1 13.5 13.5 66 0 0.729 0.271 0 0 0 0 0 0 0 0 0 0
 2004 9.5 1 0 0 1 14 14 40 0 0.306 0.529 0.165 0 0 0 0 0 0 0 0 0
 2004 9.5 1 0 0 1 14.5 14.5 16 0 0.295 0.426 0.205 0 0.074 0 0 0 0 0 0 0
 2004 9.5 1 0 0 1 15 15 9 0 0.129 0.643 0.228 0 0 0 0 0 0 0 0 0
 2004 9.5 1 0 0 1 15.5 15.5 10 0 0.245 0.462 0.245 0 0.047 0 0 0 0 0 0 0
 2004 9.5 1 0 0 1 16 16 4 0 0 0.705 0 0 0.295 0 0 0 0 0 0 0
 2004 9.5 1 0 0 1 16.5 16.5 2 0 0 0.5 0.5 0 0 0 0 0 0 0 0 0
 2004 9.5 1 0 0 1 17 17 2 0 0 0.5 0 0 0.5 0 0 0 0 0 0 0
 2004 9.5 1 0 0 1 17.5 17.5 1 0 0 0 0 0 1 0 0 0 0 0 0 0
 2005 9.5 1 0 0 1 9.5 9.5 1 1 0 0 0 0 0 0 0 0 0 0 0 0
 2005 9.5 1 0 0 1 10 10 12 1 0 0 0 0 0 0 0 0 0 0 0 0
 2005 9.5 1 0 0 1 10.5 10.5 11 1 0 0 0 0 0 0 0 0 0 0 0 0
 2005 9.5 1 0 0 1 11 11 7 1 0 0 0 0 0 0 0 0 0 0 0 0
 2005 9.5 1 0 0 1 11.5 11.5 2 1 0 0 0 0 0 0 0 0 0 0 0 0
 2005 9.5 1 0 0 1 12 12 7 0.225 0.243 0.532 0 0 0 0 0 0 0 0 0 0
 2005 9.5 1 0 0 1 12.5 12.5 20 0 0.545 0.433 0.022 0 0 0 0 0 0 0 0 0
 2005 9.5 1 0 0 1 13 13 53 0 0.279 0.617 0.042 0.063 0 0 0 0 0 0 0 0
 2005 9.5 1 0 0 1 13.5 13.5 60 0.018 0.198 0.655 0.111 0.018 0 0 0 0 0 0 0 0
 2005 9.5 1 0 0 1 14 14 84 0 0.088 0.819 0.067 0.025 0 0 0 0 0 0 0 0
 2005 9.5 1 0 0 1 14.5 14.5 95 0 0.022 0.834 0.134 0.011 0 0 0 0 0 0 0 0
 2005 9.5 1 0 0 1 15 15 58 0 0 0.88 0.096 0.024 0 0 0 0 0 0 0 0
 2005 9.5 1 0 0 1 15.5 15.5 25 0 0 0.627 0.283 0.089 0 0 0 0 0 0 0 0
 2005 9.5 1 0 0 1 16 16 7 0 0 0.714 0.143 0.143 0 0 0 0 0 0 0 0
 2005 9.5 1 0 0 1 16.5 16.5 5 0 0 0.4 0.2 0.4 0 0 0 0 0 0 0 0
 2005 9.5 1 0 0 1 17 17 2 0 0 0 1 0 0 0 0 0 0 0 0 0
 2006 9.5 1 0 0 1 9.5 9.5 3 1 0 0 0 0 0 0 0 0 0 0 0 0
 2006 9.5 1 0 0 1 10 10 6 1 0 0 0 0 0 0 0 0 0 0 0 0
 2006 9.5 1 0 0 1 10.5 10.5 15 1 0 0 0 0 0 0 0 0 0 0 0 0
 2006 9.5 1 0 0 1 11 11 9 1 0 0 0 0 0 0 0 0 0 0 0 0
 2006 9.5 1 0 0 1 11.5 11.5 12 0.623 0.377 0 0 0 0 0 0 0 0 0 0 0
 2006 9.5 1 0 0 1 12 12 26 0.095 0.746 0.063 0.095 0 0 0 0 0 0 0 0 0
 2006 9.5 1 0 0 1 12.5 12.5 46 0 0.718 0.211 0.053 0.018 0 0 0 0 0 0 0 0
 2006 9.5 1 0 0 1 13 13 97 0 0.646 0.169 0.156 0.029 0 0 0 0 0 0 0 0
 2006 9.5 1 0 0 1 13.5 13.5 80 0 0.287 0.312 0.31 0.066 0.025 0 0 0 0 0 0 0
 2006 9.5 1 0 0 1 14 14 95 0 0.084 0.228 0.532 0.104 0.039 0.013 0 0 0 0 0 0
 2006 9.5 1 0 0 1 14.5 14.5 59 0 0.039 0.165 0.621 0.107 0.049 0.019 0 0 0 0 0 0
 2006 9.5 1 0 0 1 15 15 36 0 0 0.208 0.508 0.149 0.105 0 0.03 0 0 0 0 0
 2006 9.5 1 0 0 1 15.5 15.5 11 0 0 0.31 0.502 0.123 0.064 0 0 0 0 0 0 0
 2006 9.5 1 0 0 1 16 16 1 0 0 1 0 0 0 0 0 0 0 0 0 0
 2006 9.5 1 0 0 1 16.5 16.5 2 0 0 0 1 0 0 0 0 0 0 0 0 0
 2007 9.5 1 0 0 1 9.5 9.5 2 1 0 0 0 0 0 0 0 0 0 0 0 0
 2007 9.5 1 0 0 1 10 10 9 1 0 0 0 0 0 0 0 0 0 0 0 0
 2007 9.5 1 0 0 1 10.5 10.5 31 1 0 0 0 0 0 0 0 0 0 0 0 0
 2007 9.5 1 0 0 1 11 11 19 1 0 0 0 0 0 0 0 0 0 0 0 0
 2007 9.5 1 0 0 1 11.5 11.5 6 1 0 0 0 0 0 0 0 0 0 0 0 0
 2007 9.5 1 0 0 1 12 12 8 0 0.875 0 0.125 0 0 0 0 0 0 0 0 0
 2007 9.5 1 0 0 1 12.5 12.5 24 0.038 0.544 0.418 0 0 0 0 0 0 0 0 0 0
 2007 9.5 1 0 0 1 13 13 59 0 0.386 0.547 0.05 0.017 0 0 0 0 0 0 0 0
 2007 9.5 1 0 0 1 13.5 13.5 97 0 0.202 0.499 0.179 0.06 0.061 0 0 0 0 0 0 0
 2007 9.5 1 0 0 1 14 14 97 0 0.219 0.395 0.168 0.166 0.032 0.02 0 0 0 0 0 0
 2007 9.5 1 0 0 1 14.5 14.5 75 0 0.143 0.305 0.189 0.293 0.069 0 0 0 0 0 0 0
 2007 9.5 1 0 0 1 15 15 46 0 0.043 0.151 0.215 0.395 0.175 0.021 0 0 0 0 0 0
 2007 9.5 1 0 0 1 15.5 15.5 15 0 0.067 0.133 0.133 0.533 0 0.133 0 0 0 0 0 0
 2007 9.5 1 0 0 1 16 16 10 0 0 0.196 0 0.804 0 0 0 0 0 0 0 0
 2007 9.5 1 0 0 1 17 17 3 0 0 0 0 0.333 0.333 0 0 0.333 0 0 0 0
 2007 9.5 1 0 0 1 17.5 17.5 1 0 0 0 0 0 1 0 0 0 0 0 0 0
 2008 9.5 1 0 0 1 9 9 2 1 0 0 0 0 0 0 0 0 0 0 0 0
 2008 9.5 1 0 0 1 9.5 9.5 4 1 0 0 0 0 0 0 0 0 0 0 0 0
 2008 9.5 1 0 0 1 10 10 15 1 0 0 0 0 0 0 0 0 0 0 0 0
 2008 9.5 1 0 0 1 10.5 10.5 61 1 0 0 0 0 0 0 0 0 0 0 0 0
 2008 9.5 1 0 0 1 11 11 25 1 0 0 0 0 0 0 0 0 0 0 0 0
 2008 9.5 1 0 0 1 11.5 11.5 10 0.109 0.891 0 0 0 0 0 0 0 0 0 0 0
 2008 9.5 1 0 0 1 12 12 28 0.035 0.93 0.035 0 0 0 0 0 0 0 0 0 0
 2008 9.5 1 0 0 1 12.5 12.5 31 0 0.682 0.191 0.127 0 0 0 0 0 0 0 0 0
 2008 9.5 1 0 0 1 13 13 62 0.016 0.637 0.221 0.11 0.016 0 0 0 0 0 0 0 0
 2008 9.5 1 0 0 1 13.5 13.5 77 0 0.368 0.368 0.178 0.062 0.025 0 0 0 0 0 0 0
 2008 9.5 1 0 0 1 14 14 67 0 0.282 0.384 0.128 0.146 0.028 0.016 0.016 0 0 0 0 0
 2008 9.5 1 0 0 1 14.5 14.5 41 0 0.252 0.341 0.095 0.218 0.095 0 0 0 0 0 0 0
 2008 9.5 1 0 0 1 15 15 43 0 0.095 0.418 0.234 0.205 0.024 0.024 0 0 0 0 0 0
 2008 9.5 1 0 0 1 15.5 15.5 17 0 0 0.288 0.227 0.303 0.121 0 0.061 0 0 0 0 0
 2008 9.5 1 0 0 1 16 16 7 0 0 0 0.291 0.145 0.564 0 0 0 0 0 0 0
 2008 9.5 1 0 0 1 16.5 16.5 5 0 0 0 0 0.18 0.615 0.205 0 0 0 0 0 0
 2008 9.5 1 0 0 1 17 17 1 0 0 0 0 1 0 0 0 0 0 0 0 0
 2009 9.5 1 0 0 1 9 9 1 1 0 0 0 0 0 0 0 0 0 0 0 0
 2009 9.5 1 0 0 1 9.5 9.5 5 1 0 0 0 0 0 0 0 0 0 0 0 0
 2009 9.5 1 0 0 1 10 10 10 1 0 0 0 0 0 0 0 0 0 0 0 0
 2009 9.5 1 0 0 1 10.5 10.5 14 1 0 0 0 0 0 0 0 0 0 0 0 0
 2009 9.5 1 0 0 1 11 11 12 1 0 0 0 0 0 0 0 0 0 0 0 0
 2009 9.5 1 0 0 1 11.5 11.5 6 0.534 0.466 0 0 0 0 0 0 0 0 0 0 0
 2009 9.5 1 0 0 1 12 12 20 0.093 0.861 0.046 0 0 0 0 0 0 0 0 0 0
 2009 9.5 1 0 0 1 12.5 12.5 57 0 0.866 0.134 0 0 0 0 0 0 0 0 0 0
 2009 9.5 1 0 0 1 13 13 86 0 0.743 0.223 0.034 0 0 0 0 0 0 0 0 0
 2009 9.5 1 0 0 1 13.5 13.5 89 0 0.641 0.276 0.046 0.037 0 0 0 0 0 0 0 0
 2009 9.5 1 0 0 1 14 14 80 0 0.521 0.318 0.107 0.019 0.034 0 0 0 0 0 0 0
 2009 9.5 1 0 0 1 14.5 14.5 41 0 0.366 0.233 0.177 0.14 0.084 0 0 0 0 0 0 0
 2009 9.5 1 0 0 1 15 15 37 0 0.149 0.228 0.288 0.168 0.089 0.079 0 0 0 0 0 0
 2009 9.5 1 0 0 1 15.5 15.5 28 0 0 0.228 0.177 0.24 0.152 0.139 0.063 0 0 0 0 0
 2009 9.5 1 0 0 1 16 16 6 0 0 0.188 0.124 0.188 0.188 0.188 0.124 0 0 0 0 0
 2009 9.5 1 0 0 1 16.5 16.5 4 0 0 0.18 0.547 0 0 0.273 0 0 0 0 0 0
 2009 9.5 1 0 0 1 17.5 17.5 1 0 0 0 0 0 0 1 0 0 0 0 0 0
 2009 9.5 1 0 0 1 18.5 18.5 1 0 0 0 0 0 0 0 1 0 0 0 0 0
 2010 9.5 1 0 0 1 9 9 17 1 0 0 0 0 0 0 0 0 0 0 0 0
 2010 9.5 1 0 0 1 9.5 9.5 36 1 0 0 0 0 0 0 0 0 0 0 0 0
 2010 9.5 1 0 0 1 10 10 39 1 0 0 0 0 0 0 0 0 0 0 0 0
 2010 9.5 1 0 0 1 10.5 10.5 28 1 0 0 0 0 0 0 0 0 0 0 0 0
 2010 9.5 1 0 0 1 11 11 17 0.795 0.205 0 0 0 0 0 0 0 0 0 0 0
 2010 9.5 1 0 0 1 11.5 11.5 37 0.018 0.963 0.018 0 0 0 0 0 0 0 0 0 0
 2010 9.5 1 0 0 1 12 12 27 0.044 0.956 0 0 0 0 0 0 0 0 0 0 0
 2010 9.5 1 0 0 1 12.5 12.5 58 0 1 0 0 0 0 0 0 0 0 0 0 0
 2010 9.5 1 0 0 1 13 13 43 0 0.806 0.161 0.017 0.017 0 0 0 0 0 0 0 0
 2010 9.5 1 0 0 1 13.5 13.5 47 0 0.646 0.217 0.043 0.054 0.014 0 0.026 0 0 0 0 0
 2010 9.5 1 0 0 1 14 14 55 0 0.417 0.521 0.037 0 0.012 0 0.012 0 0 0 0 0
 2010 9.5 1 0 0 1 14.5 14.5 31 0 0.079 0.586 0.229 0.084 0.022 0 0 0 0 0 0 0
 2010 9.5 1 0 0 1 15 15 37 0 0.048 0.581 0.239 0.083 0 0.031 0.017 0 0 0 0 0
 2010 9.5 1 0 0 1 15.5 15.5 20 0 0.058 0.334 0.404 0.147 0.058 0 0 0 0 0 0 0
 2010 9.5 1 0 0 1 16 16 3 0 0 0.391 0 0.391 0 0.218 0 0 0 0 0 0
 2010 9.5 1 0 0 1 16.5 16.5 3 0 0 0 0.264 0.473 0.264 0 0 0 0 0 0 0
 2010 9.5 1 0 0 1 17 17 1 0 0 1 0 0 0 0 0 0 0 0 0 0
 2010 9.5 1 0 0 1 17.5 17.5 3 0 0 0 0.391 0.218 0 0.391 0 0 0 0 0 0
 2011 9.5 1 0 0 1 9 9 2 1 0 0 0 0 0 0 0 0 0 0 0 0
 2011 9.5 1 0 0 1 9.5 9.5 9 1 0 0 0 0 0 0 0 0 0 0 0 0
 2011 9.5 1 0 0 1 10 10 16 0.944 0.056 0 0 0 0 0 0 0 0 0 0 0
 2011 9.5 1 0 0 1 10.5 10.5 48 0.974 0.026 0 0 0 0 0 0 0 0 0 0 0
 2011 9.5 1 0 0 1 11 11 29 0.798 0.202 0 0 0 0 0 0 0 0 0 0 0
 2011 9.5 1 0 0 1 11.5 11.5 34 0.386 0.614 0 0 0 0 0 0 0 0 0 0 0
 2011 9.5 1 0 0 1 12 12 38 0 0.933 0.067 0 0 0 0 0 0 0 0 0 0
 2011 9.5 1 0 0 1 12.5 12.5 51 0 0.826 0.174 0 0 0 0 0 0 0 0 0 0
 2011 9.5 1 0 0 1 13 13 44 0 0.753 0.247 0 0 0 0 0 0 0 0 0 0
 2011 9.5 1 0 0 1 13.5 13.5 51 0 0.617 0.321 0.062 0 0 0 0 0 0 0 0 0
 2011 9.5 1 0 0 1 14 14 63 0 0.428 0.491 0.081 0 0 0 0 0 0 0 0 0
 2011 9.5 1 0 0 1 14.5 14.5 32 0 0.239 0.507 0.21 0.044 0 0 0 0 0 0 0 0
 2011 9.5 1 0 0 1 15 15 45 0 0.166 0.46 0.278 0.043 0 0 0.027 0 0.027 0 0 0
 2011 9.5 1 0 0 1 15.5 15.5 24 0 0.144 0.625 0.125 0.077 0.029 0 0 0 0 0 0 0
 2011 9.5 1 0 0 1 16 16 14 0 0 0.371 0.307 0.081 0.081 0 0.081 0.081 0 0 0 0
 2011 9.5 1 0 0 1 16.5 16.5 2 0 0 0.5 0.5 0 0 0 0 0 0 0 0 0
 2011 9.5 1 0 0 1 17 17 1 0 0 0 0 1 0 0 0 0 0 0 0 0
 2011 9.5 1 0 0 1 17.5 17.5 1 0 0 1 0 0 0 0 0 0 0 0 0 0
 2012 9.5 1 0 0 1 8.5 8.5 1 0 1 0 0 0 0 0 0 0 0 0 0 0
 2012 9.5 1 0 0 1 9 9 4 1 0 0 0 0 0 0 0 0 0 0 0 0
 2012 9.5 1 0 0 1 9.5 9.5 9 1 0 0 0 0 0 0 0 0 0 0 0 0
 2012 9.5 1 0 0 1 10 10 18 0.949 0.051 0 0 0 0 0 0 0 0 0 0 0
 2012 9.5 1 0 0 1 10.5 10.5 13 0.935 0.065 0 0 0 0 0 0 0 0 0 0 0
 2012 9.5 1 0 0 1 11 11 11 0.341 0.659 0 0 0 0 0 0 0 0 0 0 0
 2012 9.5 1 0 0 1 11.5 11.5 49 0.048 0.86 0.092 0 0 0 0 0 0 0 0 0 0
 2012 9.5 1 0 0 1 12 12 42 0.019 0.833 0.087 0.06 0 0 0 0 0 0 0 0 0
 2012 9.5 1 0 0 1 12.5 12.5 78 0 0.76 0.224 0.016 0 0 0 0 0 0 0 0 0
 2012 9.5 1 0 0 1 13 13 58 0 0.52 0.349 0.098 0.033 0 0 0 0 0 0 0 0
 2012 9.5 1 0 0 1 13.5 13.5 62 0 0.471 0.418 0.111 0 0 0 0 0 0 0 0 0
 2012 9.5 1 0 0 1 14 14 71 0 0.402 0.321 0.243 0.01 0.025 0 0 0 0 0 0 0
 2012 9.5 1 0 0 1 14.5 14.5 49 0 0.157 0.485 0.283 0.074 0 0 0 0 0 0 0 0
 2012 9.5 1 0 0 1 15 15 20 0 0.139 0.596 0.212 0.053 0 0 0 0 0 0 0 0
 2012 9.5 1 0 0 1 15.5 15.5 7 0 0 0.16 0.101 0.319 0.261 0.16 0 0 0 0 0 0
 2012 9.5 1 0 0 1 16 16 5 0 0 0.235 0.235 0.148 0.148 0 0 0.235 0 0 0 0
 2012 9.5 1 0 0 1 16.5 16.5 2 0 0 0.5 0.5 0 0 0 0 0 0 0 0 0
 2013 9.5 1 0 0 1 9 9 4 1 0 0 0 0 0 0 0 0 0 0 0 0
 2013 9.5 1 0 0 1 9.5 9.5 12 1 0 0 0 0 0 0 0 0 0 0 0 0
 2013 9.5 1 0 0 1 10 10 12 1 0 0 0 0 0 0 0 0 0 0 0 0
 2013 9.5 1 0 0 1 10.5 10.5 15 1 0 0 0 0 0 0 0 0 0 0 0 0
 2013 9.5 1 0 0 1 11 11 30 0.955 0.045 0 0 0 0 0 0 0 0 0 0 0
 2013 9.5 1 0 0 1 11.5 11.5 11 0.813 0.062 0.062 0.062 0 0 0 0 0 0 0 0 0
 2013 9.5 1 0 0 1 12 12 37 0.04 0.459 0.367 0.134 0 0 0 0 0 0 0 0 0
 2013 9.5 1 0 0 1 12.5 12.5 57 0 0.444 0.415 0.141 0 0 0 0 0 0 0 0 0
 2013 9.5 1 0 0 1 13 13 62 0 0.345 0.453 0.149 0.053 0 0 0 0 0 0 0 0
 2013 9.5 1 0 0 1 13.5 13.5 65 0 0.145 0.505 0.276 0.056 0.018 0 0 0 0 0 0 0
 2013 9.5 1 0 0 1 14 14 64 0 0.061 0.504 0.327 0.064 0.034 0.01 0 0 0 0 0 0
 2013 9.5 1 0 0 1 14.5 14.5 60 0 0.075 0.594 0.232 0.088 0.011 0 0 0 0 0 0 0
 2013 9.5 1 0 0 1 15 15 65 0 0 0.614 0.242 0.101 0.026 0.016 0 0 0 0 0 0
 2013 9.5 1 0 0 1 15.5 15.5 30 0 0 0.465 0.374 0.091 0.071 0 0 0 0 0 0 0
 2013 9.5 1 0 0 1 16 16 17 0 0 0.482 0.227 0.227 0.064 0 0 0 0 0 0 0
 2013 9.5 1 0 0 1 16.5 16.5 8 0 0 0.34 0.132 0.528 0 0 0 0 0 0 0 0
 2013 9.5 1 0 0 1 17 17 7 0 0 0.304 0 0.544 0.152 0 0 0 0 0 0 0
 2014 9.5 1 0 0 1 9.5 9.5 3 1 0 0 0 0 0 0 0 0 0 0 0 0
 2014 9.5 1 0 0 1 10 10 15 0.941 0.059 0 0 0 0 0 0 0 0 0 0 0
 2014 9.5 1 0 0 1 10.5 10.5 20 0.725 0.275 0 0 0 0 0 0 0 0 0 0 0
 2014 9.5 1 0 0 1 11 11 31 0.257 0.743 0 0 0 0 0 0 0 0 0 0 0
 2014 9.5 1 0 0 1 11.5 11.5 44 0.052 0.897 0.052 0 0 0 0 0 0 0 0 0 0
 2014 9.5 1 0 0 1 12 12 68 0.038 0.804 0.146 0.012 0 0 0 0 0 0 0 0 0
 2014 9.5 1 0 0 1 12.5 12.5 108 0 0.934 0.053 0.013 0 0 0 0 0 0 0 0 0
 2014 9.5 1 0 0 1 13 13 101 0 0.833 0.126 0.034 0.007 0 0 0 0 0 0 0 0
 2014 9.5 1 0 0 1 13.5 13.5 104 0 0.697 0.131 0.127 0.044 0 0 0 0 0 0 0 0
 2014 9.5 1 0 0 1 14 14 63 0 0.428 0.294 0.169 0.093 0.016 0 0 0 0 0 0 0
 2014 9.5 1 0 0 1 14.5 14.5 40 0 0.26 0.24 0.422 0.052 0.026 0 0 0 0 0 0 0
 2014 9.5 1 0 0 1 15 15 24 0 0.133 0.144 0.472 0.206 0.044 0 0 0 0 0 0 0
 2014 9.5 1 0 0 1 15.5 15.5 12 0 0.172 0.053 0.344 0.43 0 0 0 0 0 0 0 0
 2014 9.5 1 0 0 1 16 16 12 0 0 0.172 0.484 0.258 0.086 0 0 0 0 0 0 0
 2014 9.5 1 0 0 1 16.5 16.5 1 0 0 0 0 0 0 1 0 0 0 0 0 0
 2014 9.5 1 0 0 1 17 17 3 0 0 0.667 0 0.333 0 0 0 0 0 0 0 0
 2014 9.5 1 0 0 1 17.5 17.5 1 0 0 0 1 0 0 0 0 0 0 0 0 0
 2015 9.5 1 0 0 1 9 9 1 1 0 0 0 0 0 0 0 0 0 0 0 0
 2015 9.5 1 0 0 1 9.5 9.5 3 1 0 0 0 0 0 0 0 0 0 0 0 0
 2015 9.5 1 0 0 1 10 10 23 1 0 0 0 0 0 0 0 0 0 0 0 0
 2015 9.5 1 0 0 1 10.5 10.5 20 0.959 0.041 0 0 0 0 0 0 0 0 0 0 0
 2015 9.5 1 0 0 1 11 11 23 0.533 0.239 0.228 0 0 0 0 0 0 0 0 0 0
 2015 9.5 1 0 0 1 11.5 11.5 44 0.084 0.5 0.416 0 0 0 0 0 0 0 0 0 0
 2015 9.5 1 0 0 1 12 12 92 0.026 0.456 0.518 0 0 0 0 0 0 0 0 0 0
 2015 9.5 1 0 0 1 12.5 12.5 162 0 0.451 0.507 0.036 0 0.005 0 0 0 0 0 0 0
 2015 9.5 1 0 0 1 13 13 161 0 0.296 0.64 0.054 0.005 0.005 0 0 0 0 0 0 0
 2015 9.5 1 0 0 1 13.5 13.5 169 0 0.168 0.702 0.095 0.029 0 0.006 0 0 0 0 0 0
 2015 9.5 1 0 0 1 14 14 141 0 0.076 0.749 0.116 0.04 0.008 0.012 0 0 0 0 0 0
 2015 9.5 1 0 0 1 14.5 14.5 97 0 0 0.69 0.148 0.14 0 0.011 0.011 0 0 0 0 0
 2015 9.5 1 0 0 1 15 15 53 0 0 0.635 0.183 0.168 0 0.015 0 0 0 0 0 0
 2015 9.5 1 0 0 1 15.5 15.5 30 0 0 0.299 0.333 0.197 0.171 0 0 0 0 0 0 0
 2015 9.5 1 0 0 1 16 16 9 0 0 0.222 0.222 0.556 0 0 0 0 0 0 0 0
 2015 9.5 1 0 0 1 16.5 16.5 3 0 0 0 0.333 0.333 0 0 0.333 0 0 0 0 0
 2015 9.5 1 0 0 1 17 17 1 0 0 0 0 1 0 0 0 0 0 0 0 0
 2015 9.5 1 0 0 1 17.5 17.5 4 0 0 0.283 0.283 0.434 0 0 0 0 0 0 0 0
 2015 9.5 1 0 0 1 18 18 2 0 0 0 0 0.434 0.566 0 0 0 0 0 0 0
 2016 9.5 1 0 0 1 9.5 9.5 4 1 0 0 0 0 0 0 0 0 0 0 0 0
 2016 9.5 1 0 0 1 10 10 11 1 0 0 0 0 0 0 0 0 0 0 0 0
 2016 9.5 1 0 0 1 10.5 10.5 10 0.77 0.23 0 0 0 0 0 0 0 0 0 0 0
 2016 9.5 1 0 0 1 11 11 13 0.657 0.343 0 0 0 0 0 0 0 0 0 0 0
 2016 9.5 1 0 0 1 11.5 11.5 23 0 0.645 0.177 0.177 0 0 0 0 0 0 0 0 0
 2016 9.5 1 0 0 1 12 12 52 0 0.602 0.282 0.116 0 0 0 0 0 0 0 0 0
 2016 9.5 1 0 0 1 12.5 12.5 61 0 0.392 0.315 0.294 0 0 0 0 0 0 0 0 0
 2016 9.5 1 0 0 1 13 13 61 0 0.361 0.393 0.225 0.021 0 0 0 0 0 0 0 0
 2016 9.5 1 0 0 1 13.5 13.5 60 0 0.224 0.388 0.34 0.048 0 0 0 0 0 0 0 0
 2016 9.5 1 0 0 1 14 14 60 0 0.152 0.376 0.429 0.014 0.028 0 0 0 0 0 0 0
 2016 9.5 1 0 0 1 14.5 14.5 60 0 0.041 0.29 0.525 0.079 0.065 0 0 0 0 0 0 0
 2016 9.5 1 0 0 1 15 15 51 0 0 0.356 0.47 0.089 0.067 0.018 0 0 0 0 0 0
 2016 9.5 1 0 0 1 15.5 15.5 21 0 0.034 0.18 0.564 0.154 0.034 0.034 0 0 0 0 0 0
 2016 9.5 1 0 0 1 16 16 9 0 0 0.147 0.248 0.376 0.229 0 0 0 0 0 0 0
 2016 9.5 1 0 0 1 16.5 16.5 2 0 0 0 0 0.64 0 0.36 0 0 0 0 0 0
 2016 9.5 1 0 0 1 18 18 2 0 0 0 0 0 0.5 0.5 0 0 0 0 0 0
 2016 9.5 1 0 0 1 19 19 1 0 0 0 0 0 1 0 0 0 0 0 0 0
 2017 9.5 1 0 0 1 9 9 2 1 0 0 0 0 0 0 0 0 0 0 0 0
 2017 9.5 1 0 0 1 9.5 9.5 20 1 0 0 0 0 0 0 0 0 0 0 0 0
 2017 9.5 1 0 0 1 10 10 20 1 0 0 0 0 0 0 0 0 0 0 0 0
 2017 9.5 1 0 0 1 10.5 10.5 14 1 0 0 0 0 0 0 0 0 0 0 0 0
 2017 9.5 1 0 0 1 11 11 3 1 0 0 0 0 0 0 0 0 0 0 0 0
 2017 9.5 1 0 0 1 11.5 11.5 6 0 0.833 0.167 0 0 0 0 0 0 0 0 0 0
 2017 9.5 1 0 0 1 12 12 29 0 0.621 0.276 0.069 0.034 0 0 0 0 0 0 0 0
 2017 9.5 1 0 0 1 12.5 12.5 53 0 0.596 0.215 0.09 0.076 0.022 0 0 0 0 0 0 0
 2017 9.5 1 0 0 1 13 13 60 0 0.37 0.301 0.161 0.168 0 0 0 0 0 0 0 0
 2017 9.5 1 0 0 1 13.5 13.5 60 0 0.292 0.384 0.12 0.194 0 0.009 0 0 0 0 0 0
 2017 9.5 1 0 0 1 14 14 59 0 0.157 0.337 0.298 0.207 0 0 0 0 0 0 0 0
 2017 9.5 1 0 0 1 14.5 14.5 60 0 0.108 0.358 0.308 0.214 0 0.013 0 0 0 0 0 0
 2017 9.5 1 0 0 1 15 15 92 0 0 0.388 0.223 0.329 0.042 0.018 0 0 0 0 0 0
 2017 9.5 1 0 0 1 15.5 15.5 42 0 0.04 0.277 0.365 0.254 0.063 0 0 0 0 0 0 0
 2017 9.5 1 0 0 1 16 16 19 0 0 0.074 0.47 0.456 0 0 0 0 0 0 0 0
 2017 9.5 1 0 0 1 16.5 16.5 7 0 0 0 0.305 0.391 0.305 0 0 0 0 0 0 0
 2017 9.5 1 0 0 1 17 17 2 0 0 0 1 0 0 0 0 0 0 0 0 0
 2017 9.5 1 0 0 1 17.5 17.5 4 0 0 0 0 0.642 0.358 0 0 0 0 0 0 0
 2018 9.5 1 0 0 1 10 10 3 1 0 0 0 0 0 0 0 0 0 0 0 0
 2018 9.5 1 0 0 1 10.5 10.5 14 1 0 0 0 0 0 0 0 0 0 0 0 0
 2018 9.5 1 0 0 1 11 11 38 0.97 0.03 0 0 0 0 0 0 0 0 0 0 0
 2018 9.5 1 0 0 1 11.5 11.5 34 0.924 0.076 0 0 0 0 0 0 0 0 0 0 0
 2018 9.5 1 0 0 1 12 12 31 0.907 0.093 0 0 0 0 0 0 0 0 0 0 0
 2018 9.5 1 0 0 1 12.5 12.5 28 0.356 0.554 0.091 0 0 0 0 0 0 0 0 0 0
 2018 9.5 1 0 0 1 13 13 60 0 0.736 0.146 0.046 0.071 0 0 0 0 0 0 0 0
 2018 9.5 1 0 0 1 13.5 13.5 60 0 0.578 0.274 0.056 0 0.093 0 0 0 0 0 0 0
 2018 9.5 1 0 0 1 14 14 60 0 0.456 0.309 0.131 0.032 0.052 0 0 0 0.02 0 0 0
 2018 9.5 1 0 0 1 14.5 14.5 59 0 0.268 0.339 0.134 0.058 0.201 0 0 0 0 0 0 0
 2018 9.5 1 0 0 1 15 15 122 0 0.15 0.24 0.36 0.145 0.098 0.008 0 0 0 0 0 0
 2018 9.5 1 0 0 1 15.5 15.5 91 0 0.08 0.327 0.281 0.154 0.147 0 0.01 0 0 0 0 0
 2018 9.5 1 0 0 1 16 16 42 0 0 0.087 0.413 0.333 0.109 0.036 0.022 0 0 0 0 0
 2018 9.5 1 0 0 1 16.5 16.5 28 0 0 0.071 0.429 0.214 0.25 0 0.036 0 0 0 0 0
 2018 9.5 1 0 0 1 17 17 14 0 0 0 0.214 0.214 0.357 0 0.071 0.143 0 0 0 0
 2018 9.5 1 0 0 1 17.5 17.5 4 0 0 0 0.5 0 0.5 0 0 0 0 0 0 0
 2018 9.5 1 0 0 1 18 18 4 0 0 0 0.215 0.215 0.571 0 0 0 0 0 0 0
 2018 9.5 1 0 0 1 18.5 18.5 1 0 0 0 0 0 1 0 0 0 0 0 0 0
 2019 9.5 1 0 0 1 9.5 9.5 4 1 0 0 0 0 0 0 0 0 0 0 0 0
 2019 9.5 1 0 0 1 10 10 3 1 0 0 0 0 0 0 0 0 0 0 0 0
 2019 9.5 1 0 0 1 10.5 10.5 17 1 0 0 0 0 0 0 0 0 0 0 0 0
 2019 9.5 1 0 0 1 11 11 42 1 0 0 0 0 0 0 0 0 0 0 0 0
 2019 9.5 1 0 0 1 11.5 11.5 41 0.95 0.05 0 0 0 0 0 0 0 0 0 0 0
 2019 9.5 1 0 0 1 12 12 43 0.897 0.103 0 0 0 0 0 0 0 0 0 0 0
 2019 9.5 1 0 0 1 12.5 12.5 39 0.223 0.74 0.036 0 0 0 0 0 0 0 0 0 0
 2019 9.5 1 0 0 1 13 13 44 0.03 0.802 0.112 0.028 0.028 0 0 0 0 0 0 0 0
 2019 9.5 1 0 0 1 13.5 13.5 99 0 0.777 0.127 0.023 0.016 0.046 0.012 0 0 0 0 0 0
 2019 9.5 1 0 0 1 14 14 139 0 0.68 0.226 0.052 0.003 0.027 0.012 0 0 0 0 0 0
 2019 9.5 1 0 0 1 14.5 14.5 133 0 0.474 0.329 0.134 0.049 0.009 0.004 0 0 0 0 0 0
 2019 9.5 1 0 0 1 15 15 130 0 0.286 0.49 0.124 0.053 0.02 0.022 0 0.005 0 0 0 0
 2019 9.5 1 0 0 1 15.5 15.5 116 0 0.24 0.504 0.13 0.069 0.028 0.021 0.007 0 0 0 0 0
 2019 9.5 1 0 0 1 16 16 82 0 0.077 0.391 0.132 0.209 0.086 0.075 0.03 0 0 0 0 0
 2019 9.5 1 0 0 1 16.5 16.5 42 0 0.02 0.224 0.199 0.337 0.118 0.061 0 0.041 0 0 0 0
 2019 9.5 1 0 0 1 17 17 10 0 0 0.3 0.2 0.3 0.2 0 0 0 0 0 0 0
 2019 9.5 1 0 0 1 17.5 17.5 3 0 0 0.667 0 0.333 0 0 0 0 0 0 0 0
 2019 9.5 1 0 0 1 18.5 18.5 1 0 0 0 1 0 0 0 0 0 0 0 0 0
 2019 9.5 1 0 0 1 19.5 19.5 1 0 0 0 0 0 1 0 0 0 0 0 0 0
 2020 9.5 1 0 0 1 10 10 8 1 0 0 0 0 0 0 0 0 0 0 0 0
 2020 9.5 1 0 0 1 10.5 10.5 32 1 0 0 0 0 0 0 0 0 0 0 0 0
 2020 9.5 1 0 0 1 11 11 32 1 0 0 0 0 0 0 0 0 0 0 0 0
 2020 9.5 1 0 0 1 11.5 11.5 25 1 0 0 0 0 0 0 0 0 0 0 0 0
 2020 9.5 1 0 0 1 12 12 12 0.248 0.752 0 0 0 0 0 0 0 0 0 0 0
 2020 9.5 1 0 0 1 12.5 12.5 28 0 0.928 0.072 0 0 0 0 0 0 0 0 0 0
 2020 9.5 1 0 0 1 13 13 97 0 0.825 0.175 0 0 0 0 0 0 0 0 0 0
 2020 9.5 1 0 0 1 13.5 13.5 125 0 0.751 0.233 0.008 0 0 0 0.008 0 0 0 0 0
 2020 9.5 1 0 0 1 14 14 214 0 0.616 0.309 0.047 0.019 0.005 0 0.005 0 0 0 0 0
 2020 9.5 1 0 0 1 14.5 14.5 189 0 0.607 0.308 0.058 0.021 0.005 0 0 0 0 0 0 0
 2020 9.5 1 0 0 1 15 15 121 0 0.503 0.347 0.066 0.033 0.025 0.016 0.008 0 0 0 0 0
 2020 9.5 1 0 0 1 15.5 15.5 60 0 0.3 0.383 0.2 0.033 0.017 0.033 0.033 0 0 0 0 0
 2020 9.5 1 0 0 1 16 16 33 0 0.03 0.394 0.273 0.121 0.03 0.03 0.121 0 0 0 0 0
 2020 9.5 1 0 0 1 16.5 16.5 17 0 0 0.235 0.294 0.118 0.059 0.118 0.176 0 0 0 0 0
 2020 9.5 1 0 0 1 17 17 5 0 0 0.2 0.4 0.2 0 0 0.2 0 0 0 0 0
 2020 9.5 1 0 0 1 17.5 17.5 1 0 0 0 0 0 1 0 0 0 0 0 0 0
 2020 9.5 1 0 0 1 18 18 2 0 0 0 1 0 0 0 0 0 0 0 0 0
 2020 9.5 1 0 0 1 18.5 18.5 1 0 0 0 0 0 0 0 1 0 0 0 0 0
 2020 9.5 1 0 0 1 19 19 1 0 0 0 0 0 0 1 0 0 0 0 0 0
 2020 9.5 1 0 0 1 19.5 19.5 1 0 0 0 0 0 1 0 0 0 0 0 0 0
 2009 9.3 4 0 0 1 8.5 8.5 6 1 0 0 0 0 0 0 0 0 0 0 0 0
 2009 9.3 4 0 0 1 9 9 9 1 0 0 0 0 0 0 0 0 0 0 0 0
 2009 9.3 4 0 0 1 9.5 9.5 11 1 0 0 0 0 0 0 0 0 0 0 0 0
 2009 9.3 4 0 0 1 10 10 17 1 0 0 0 0 0 0 0 0 0 0 0 0
 2009 9.3 4 0 0 1 10.5 10.5 21 1 0 0 0 0 0 0 0 0 0 0 0 0
 2009 9.3 4 0 0 1 11 11 13 1 0 0 0 0 0 0 0 0 0 0 0 0
 2009 9.3 4 0 0 1 11.5 11.5 13 0.462 0.538 0 0 0 0 0 0 0 0 0 0 0
 2009 9.3 4 0 0 1 12 12 23 0 0.913 0.087 0 0 0 0 0 0 0 0 0 0
 2009 9.3 4 0 0 1 12.5 12.5 25 0 0.96 0.04 0 0 0 0 0 0 0 0 0 0
 2009 9.3 4 0 0 1 13 13 30 0 0.767 0.233 0 0 0 0 0 0 0 0 0 0
 2009 9.3 4 0 0 1 13.5 13.5 30 0 0.467 0.367 0.1 0 0.067 0 0 0 0 0 0 0
 2009 9.3 4 0 0 1 14 14 30 0 0.5 0.333 0.1 0.033 0.033 0 0 0 0 0 0 0
 2009 9.3 4 0 0 1 14.5 14.5 30 0 0.167 0.2 0.2 0.3 0.1 0.033 0 0 0 0 0 0
 2009 9.3 4 0 0 1 15 15 29 0 0.103 0.345 0.172 0.138 0.103 0.069 0.069 0 0 0 0 0
 2009 9.3 4 0 0 1 15.5 15.5 25 0 0.08 0.2 0.12 0.28 0.16 0.12 0.04 0 0 0 0 0
 2009 9.3 4 0 0 1 16 16 26 0 0 0.115 0.192 0.346 0.154 0.154 0 0.038 0 0 0 0
 2009 9.3 4 0 0 1 16.5 16.5 15 0 0 0.133 0.267 0.267 0.2 0.133 0 0 0 0 0 0
 2009 9.3 4 0 0 1 17 17 12 0 0.083 0.083 0.333 0.083 0.083 0.167 0.083 0.083 0 0 0 0
 2009 9.3 4 0 0 1 17.5 17.5 3 0 0 0 0.333 0 0.333 0 0.333 0 0 0 0 0
 2009 9.3 4 0 0 1 19 19 1 0 0 0 0 0 1 0 0 0 0 0 0 0
 2010 9.3 4 0 0 1 8 8 2 1 0 0 0 0 0 0 0 0 0 0 0 0
 2010 9.3 4 0 0 1 8.5 8.5 16 1 0 0 0 0 0 0 0 0 0 0 0 0
 2010 9.3 4 0 0 1 9 9 46 1 0 0 0 0 0 0 0 0 0 0 0 0
 2010 9.3 4 0 0 1 9.5 9.5 43 1 0 0 0 0 0 0 0 0 0 0 0 0
 2010 9.3 4 0 0 1 10 10 37 1 0 0 0 0 0 0 0 0 0 0 0 0
 2010 9.3 4 0 0 1 10.5 10.5 31 0.968 0.032 0 0 0 0 0 0 0 0 0 0 0
 2010 9.3 4 0 0 1 11 11 12 0.417 0.583 0 0 0 0 0 0 0 0 0 0 0
 2010 9.3 4 0 0 1 11.5 11.5 27 0 0.963 0.037 0 0 0 0 0 0 0 0 0 0
 2010 9.3 4 0 0 1 12 12 50 0 0.98 0.02 0 0 0 0 0 0 0 0 0 0
 2010 9.3 4 0 0 1 12.5 12.5 50 0 0.98 0.02 0 0 0 0 0 0 0 0 0 0
 2010 9.3 4 0 0 1 13 13 50 0 0.76 0.18 0.04 0.02 0 0 0 0 0 0 0 0
 2010 9.3 4 0 0 1 13.5 13.5 50 0 0.62 0.3 0.02 0.04 0.02 0 0 0 0 0 0 0
 2010 9.3 4 0 0 1 14 14 50 0 0.16 0.5 0.16 0.08 0.08 0 0.02 0 0 0 0 0
 2010 9.3 4 0 0 1 14.5 14.5 50 0 0.08 0.52 0.24 0.06 0.08 0.02 0 0 0 0 0 0
 2010 9.3 4 0 0 1 15 15 45 0 0.022 0.422 0.267 0.156 0.089 0.044 0 0 0 0 0 0
 2010 9.3 4 0 0 1 15.5 15.5 39 0 0 0.308 0.205 0.205 0.103 0.128 0.051 0 0 0 0 0
 2010 9.3 4 0 0 1 16 16 31 0 0.032 0.226 0.258 0.161 0.129 0 0.065 0.129 0 0 0 0
 2010 9.3 4 0 0 1 16.5 16.5 17 0 0 0.235 0.176 0.235 0.118 0.118 0.059 0.059 0 0 0 0
 2010 9.3 4 0 0 1 17 17 11 0 0 0.091 0.273 0.091 0.364 0.091 0.091 0 0 0 0 0
 2010 9.3 4 0 0 1 17.5 17.5 4 0 0 0 0.25 0.25 0.25 0 0 0.25 0 0 0 0
 2010 9.3 4 0 0 1 18 18 2 0 0 0 0 1 0 0 0 0 0 0 0 0
 2010 9.3 4 0 0 1 20 20 1 0 0 0 0 0 0 1 0 0 0 0 0 0
 2011 9.3 4 0 0 1 8 8 1 1 0 0 0 0 0 0 0 0 0 0 0 0
 2011 9.3 4 0 0 1 8.5 8.5 2 1 0 0 0 0 0 0 0 0 0 0 0 0
 2011 9.3 4 0 0 1 9 9 19 1 0 0 0 0 0 0 0 0 0 0 0 0
 2011 9.3 4 0 0 1 9.5 9.5 22 1 0 0 0 0 0 0 0 0 0 0 0 0
 2011 9.3 4 0 0 1 10 10 42 0.976 0.024 0 0 0 0 0 0 0 0 0 0 0
 2011 9.3 4 0 0 1 10.5 10.5 42 0.905 0.095 0 0 0 0 0 0 0 0 0 0 0
 2011 9.3 4 0 0 1 11 11 39 0.513 0.487 0 0 0 0 0 0 0 0 0 0 0
 2011 9.3 4 0 0 1 11.5 11.5 42 0.143 0.857 0 0 0 0 0 0 0 0 0 0 0
 2011 9.3 4 0 0 1 12 12 63 0 0.921 0.079 0 0 0 0 0 0 0 0 0 0
 2011 9.3 4 0 0 1 12.5 12.5 65 0 0.662 0.338 0 0 0 0 0 0 0 0 0 0
 2011 9.3 4 0 0 1 13 13 65 0 0.508 0.4 0.077 0.015 0 0 0 0 0 0 0 0
 2011 9.3 4 0 0 1 13.5 13.5 65 0 0.277 0.585 0.108 0.031 0 0 0 0 0 0 0 0
 2011 9.3 4 0 0 1 14 14 64 0 0.109 0.484 0.234 0.094 0.047 0.016 0.016 0 0 0 0 0
 2011 9.3 4 0 0 1 14.5 14.5 65 0 0.108 0.323 0.369 0.123 0.062 0.015 0 0 0 0 0 0
 2011 9.3 4 0 0 1 15 15 63 0 0.032 0.333 0.206 0.175 0.19 0.063 0 0 0 0 0 0
 2011 9.3 4 0 0 1 15.5 15.5 40 0 0 0.3 0.2 0.2 0.125 0.125 0.025 0.025 0 0 0 0
 2011 9.3 4 0 0 1 16 16 29 0 0 0.138 0.172 0.345 0.207 0.069 0.069 0 0 0 0 0
 2011 9.3 4 0 0 1 16.5 16.5 8 0 0 0.125 0 0 0 0.625 0.25 0 0 0 0 0
 2011 9.3 4 0 0 1 17 17 5 0 0 0 0 0.2 0 0.2 0 0.6 0 0 0 0
 2011 9.3 4 0 0 1 17.5 17.5 2 0 0 0 0.5 0 0.5 0 0 0 0 0 0 0
 2011 9.3 4 0 0 1 18 18 1 0 0 0 0 0 0 1 0 0 0 0 0 0
 2011 9.3 4 0 0 1 19 19 1 0 0 0 0 0 0 0 0 1 0 0 0 0
 2011 9.3 4 0 0 1 22 22 1 0 0 0 0 0 0 1 0 0 0 0 0 0
 2012 9.3 4 0 0 1 8.5 8.5 1 1 0 0 0 0 0 0 0 0 0 0 0 0
 2012 9.3 4 0 0 1 9 9 16 1 0 0 0 0 0 0 0 0 0 0 0 0
 2012 9.3 4 0 0 1 9.5 9.5 46 1 0 0 0 0 0 0 0 0 0 0 0 0
 2012 9.3 4 0 0 1 10 10 57 0.965 0.035 0 0 0 0 0 0 0 0 0 0 0
 2012 9.3 4 0 0 1 10.5 10.5 35 1 0 0 0 0 0 0 0 0 0 0 0 0
 2012 9.3 4 0 0 1 11 11 22 0.136 0.864 0 0 0 0 0 0 0 0 0 0 0
 2012 9.3 4 0 0 1 11.5 11.5 52 0.019 0.923 0.058 0 0 0 0 0 0 0 0 0 0
 2012 9.3 4 0 0 1 12 12 58 0 0.931 0.069 0 0 0 0 0 0 0 0 0 0
 2012 9.3 4 0 0 1 12.5 12.5 65 0 0.877 0.123 0 0 0 0 0 0 0 0 0 0
 2012 9.3 4 0 0 1 13 13 64 0 0.688 0.281 0.031 0 0 0 0 0 0 0 0 0
 2012 9.3 4 0 0 1 13.5 13.5 66 0 0.5 0.394 0.091 0.015 0 0 0 0 0 0 0 0
 2012 9.3 4 0 0 1 14 14 65 0 0.323 0.338 0.262 0.077 0 0 0 0 0 0 0 0
 2012 9.3 4 0 0 1 14.5 14.5 54 0 0.278 0.315 0.278 0.074 0 0.037 0.019 0 0 0 0 0
 2012 9.3 4 0 0 1 15 15 47 0 0.043 0.213 0.404 0.17 0.021 0.106 0.043 0 0 0 0 0
 2012 9.3 4 0 0 1 15.5 15.5 28 0 0 0.179 0.393 0.107 0.107 0.107 0.107 0 0 0 0 0
 2012 9.3 4 0 0 1 16 16 32 0 0 0.188 0.406 0.25 0.094 0.063 0 0 0 0 0 0
 2012 9.3 4 0 0 1 16.5 16.5 24 0 0 0.042 0.208 0.292 0.083 0.125 0.125 0.125 0 0 0 0
 2012 9.3 4 0 0 1 17 17 16 0 0 0.125 0.188 0.063 0.25 0.125 0.063 0.188 0 0 0 0
 2012 9.3 4 0 0 1 17.5 17.5 10 0 0 0.1 0.3 0.1 0.1 0.3 0.1 0 0 0 0 0
 2012 9.3 4 0 0 1 18 18 4 0 0 0 0.25 0 0.5 0 0 0.25 0 0 0 0
 2012 9.3 4 0 0 1 19 19 1 0 0 0 0 0 1 0 0 0 0 0 0 0
 2012 9.3 4 0 0 1 20 20 2 0 0 0 0 0 0 0.5 0 0 0 0 0 0.5
 2013 11 4 0 0 1 8.5 8.5 1 1 0 0 0 0 0 0 0 0 0 0 0 0
 2013 11 4 0 0 1 9 9 18 1 0 0 0 0 0 0 0 0 0 0 0 0
 2013 11 4 0 0 1 9.5 9.5 61 1 0 0 0 0 0 0 0 0 0 0 0 0
 2013 11 4 0 0 1 10 10 67 1 0 0 0 0 0 0 0 0 0 0 0 0
 2013 11 4 0 0 1 10.5 10.5 68 1 0 0 0 0 0 0 0 0 0 0 0 0
 2013 11 4 0 0 1 11 11 48 1 0 0 0 0 0 0 0 0 0 0 0 0
 2013 11 4 0 0 1 11.5 11.5 69 0.942 0.043 0.014 0 0 0 0 0 0 0 0 0 0
 2013 11 4 0 0 1 12 12 65 0.538 0.338 0.123 0 0 0 0 0 0 0 0 0 0
 2013 11 4 0 0 1 12.5 12.5 54 0.074 0.5 0.352 0.074 0 0 0 0 0 0 0 0 0
 2013 11 4 0 0 1 13 13 73 0 0.37 0.452 0.164 0.014 0 0 0 0 0 0 0 0
 2013 11 4 0 0 1 13.5 13.5 63 0 0.286 0.508 0.19 0.016 0 0 0 0 0 0 0 0
 2013 11 4 0 0 1 14 14 64 0 0.141 0.578 0.203 0.063 0.016 0 0 0 0 0 0 0
 2013 11 4 0 0 1 14.5 14.5 63 0 0.127 0.556 0.238 0.079 0 0 0 0 0 0 0 0
 2013 11 4 0 0 1 15 15 53 0 0.038 0.679 0.17 0.075 0.038 0 0 0 0 0 0 0
 2013 11 4 0 0 1 15.5 15.5 50 0 0.02 0.66 0.16 0.14 0.02 0 0 0 0 0 0 0
 2013 11 4 0 0 1 16 16 22 0 0 0.591 0.318 0.091 0 0 0 0 0 0 0 0
 2013 11 4 0 0 1 16.5 16.5 6 0 0 0.5 0.167 0.333 0 0 0 0 0 0 0 0
 2013 11 4 0 0 1 17 17 3 0 0 0.667 0 0.333 0 0 0 0 0 0 0 0
 2013 11 4 0 0 1 19 19 1 0 0 0 0 1 0 0 0 0 0 0 0 0
 2014 11 4 0 0 1 9 9 5 1 0 0 0 0 0 0 0 0 0 0 0 0
 2014 11 4 0 0 1 9.5 9.5 11 1 0 0 0 0 0 0 0 0 0 0 0 0
 2014 11 4 0 0 1 10 10 46 0.957 0.043 0 0 0 0 0 0 0 0 0 0 0
 2014 11 4 0 0 1 10.5 10.5 49 0.898 0.102 0 0 0 0 0 0 0 0 0 0 0
 2014 11 4 0 0 1 11 11 61 0.623 0.344 0.033 0 0 0 0 0 0 0 0 0 0
 2014 11 4 0 0 1 11.5 11.5 59 0.288 0.678 0.034 0 0 0 0 0 0 0 0 0 0
 2014 11 4 0 0 1 12 12 62 0.016 0.871 0.081 0.032 0 0 0 0 0 0 0 0 0
 2014 11 4 0 0 1 12.5 12.5 65 0 0.846 0.123 0.031 0 0 0 0 0 0 0 0 0
 2014 11 4 0 0 1 13 13 72 0 0.694 0.25 0.042 0.014 0 0 0 0 0 0 0 0
 2014 11 4 0 0 1 13.5 13.5 55 0 0.673 0.236 0.036 0.036 0.018 0 0 0 0 0 0 0
 2014 11 4 0 0 1 14 14 67 0 0.388 0.313 0.284 0.015 0 0 0 0 0 0 0 0
 2014 11 4 0 0 1 14.5 14.5 61 0 0.148 0.361 0.393 0.082 0.016 0 0 0 0 0 0 0
 2014 11 4 0 0 1 15 15 63 0 0.111 0.27 0.524 0.095 0 0 0 0 0 0 0 0
 2014 11 4 0 0 1 15.5 15.5 29 0 0 0.103 0.586 0.207 0.103 0 0 0 0 0 0 0
 2014 11 4 0 0 1 16 16 16 0 0 0.188 0.438 0.25 0.125 0 0 0 0 0 0 0
 2014 11 4 0 0 1 16.5 16.5 12 0 0 0.167 0.583 0.083 0.167 0 0 0 0 0 0 0
 2014 11 4 0 0 1 17 17 3 0 0 0 0.333 0.667 0 0 0 0 0 0 0 0
 2014 11 4 0 0 1 17.5 17.5 1 0 0 0 1 0 0 0 0 0 0 0 0 0
 2014 11 4 0 0 1 18 18 1 0 0 0 1 0 0 0 0 0 0 0 0 0
 2016 10.4 -4 0 0 1 9.5 9.5 5 1 0 0 0 0 0 0 0 0 0 0 0 0
 2016 10.4 -4 0 0 1 10 10 5 1 0 0 0 0 0 0 0 0 0 0 0 0
 2016 10.4 -4 0 0 1 10.5 10.5 5 1 0 0 0 0 0 0 0 0 0 0 0 0
 2016 10.4 -4 0 0 1 11 11 6 0.667 0.333 0 0 0 0 0 0 0 0 0 0 0
 2016 10.4 -4 0 0 1 11.5 11.5 4 0 1 0 0 0 0 0 0 0 0 0 0 0
 2016 10.4 -4 0 0 1 12 12 6 0 0.833 0 0.167 0 0 0 0 0 0 0 0 0
 2016 10.4 -4 0 0 1 12.5 12.5 4 0 0.75 0 0.25 0 0 0 0 0 0 0 0 0
 2016 10.4 -4 0 0 1 13 13 5 0 0.4 0.4 0.2 0 0 0 0 0 0 0 0 0
 2016 10.4 -4 0 0 1 13.5 13.5 5 0 0.4 0 0.4 0.2 0 0 0 0 0 0 0 0
 2016 10.4 -4 0 0 1 14 14 11 0 0.091 0.364 0.545 0 0 0 0 0 0 0 0 0
 2016 10.4 -4 0 0 1 14.5 14.5 4 0 0 0 1 0 0 0 0 0 0 0 0 0
 2016 10.4 -4 0 0 1 15 15 5 0 0 0 0.8 0 0.2 0 0 0 0 0 0 0
 2016 10.4 -4 0 0 1 15.5 15.5 1 0 0 0 1 0 0 0 0 0 0 0 0 0
 2016 10.4 -4 0 0 1 16 16 1 0 0 1 0 0 0 0 0 0 0 0 0 0
 2016 10.4 -4 0 0 1 16.5 16.5 1 0 0 1 0 0 0 0 0 0 0 0 0 0
 2017 10.4 4 0 0 1 9.5 9.5 6 1 0 0 0 0 0 0 0 0 0 0 0 0
 2017 10.4 4 0 0 1 10 10 29 1 0 0 0 0 0 0 0 0 0 0 0 0
 2017 10.4 4 0 0 1 10.5 10.5 41 1 0 0 0 0 0 0 0 0 0 0 0 0
 2017 10.4 4 0 0 1 11 11 34 0.882 0.088 0 0 0.029 0 0 0 0 0 0 0 0
 2017 10.4 4 0 0 1 11.5 11.5 17 0.647 0.176 0.118 0.059 0 0 0 0 0 0 0 0 0
 2017 10.4 4 0 0 1 12 12 10 0 0.5 0.2 0.3 0 0 0 0 0 0 0 0 0
 2017 10.4 4 0 0 1 12.5 12.5 22 0 0.318 0.273 0.182 0.227 0 0 0 0 0 0 0 0
 2017 10.4 4 0 0 1 13 13 42 0 0.5 0.167 0.19 0.143 0 0 0 0 0 0 0 0
 2017 10.4 4 0 0 1 13.5 13.5 45 0 0.378 0.289 0.2 0.111 0 0.022 0 0 0 0 0 0
 2017 10.4 4 0 0 1 14 14 45 0 0.156 0.356 0.267 0.178 0.044 0 0 0 0 0 0 0
 2017 10.4 4 0 0 1 14.5 14.5 84 0 0.179 0.405 0.214 0.131 0.071 0 0 0 0 0 0 0
 2017 10.4 4 0 0 1 15 15 157 0 0.096 0.344 0.35 0.204 0.006 0 0 0 0 0 0 0
 2017 10.4 4 0 0 1 15.5 15.5 77 0 0.065 0.39 0.312 0.234 0 0 0 0 0 0 0 0
 2017 10.4 4 0 0 1 16 16 46 0 0 0.196 0.413 0.348 0.043 0 0 0 0 0 0 0
 2017 10.4 4 0 0 1 16.5 16.5 16 0 0.125 0.063 0.625 0.188 0 0 0 0 0 0 0 0
 2017 10.4 4 0 0 1 17 17 13 0 0 0.231 0.154 0.385 0.231 0 0 0 0 0 0 0
 2017 10.4 4 0 0 1 17.5 17.5 7 0 0 0 0.429 0.143 0.286 0.143 0 0 0 0 0 0
 2017 10.4 4 0 0 1 18 18 4 0 0 0 0.25 0.75 0 0 0 0 0 0 0 0
 2017 10.4 4 0 0 1 18.5 18.5 1 0 0 0 0 1 0 0 0 0 0 0 0 0
 2017 10.4 4 0 0 1 19 19 1 0 0 0 0 1 0 0 0 0 0 0 0 0
 2018 10.4 4 0 0 1 9 9 1 1 0 0 0 0 0 0 0 0 0 0 0 0
 2018 10.4 4 0 0 1 10 10 11 1 0 0 0 0 0 0 0 0 0 0 0 0
 2018 10.4 4 0 0 1 10.5 10.5 14 1 0 0 0 0 0 0 0 0 0 0 0 0
 2018 10.4 4 0 0 1 11 11 74 0.973 0.027 0 0 0 0 0 0 0 0 0 0 0
 2018 10.4 4 0 0 1 11.5 11.5 57 1 0 0 0 0 0 0 0 0 0 0 0 0
 2018 10.4 4 0 0 1 12 12 50 0.8 0.16 0.02 0.02 0 0 0 0 0 0 0 0 0
 2018 10.4 4 0 0 1 12.5 12.5 26 0.346 0.538 0.038 0 0.038 0 0.038 0 0 0 0 0 0
 2018 10.4 4 0 0 1 13 13 53 0.057 0.66 0.17 0.075 0 0.019 0.019 0 0 0 0 0 0
 2018 10.4 4 0 0 1 13.5 13.5 51 0.02 0.49 0.196 0.039 0.078 0.157 0.02 0 0 0 0 0 0
 2018 10.4 4 0 0 1 14 14 71 0 0.394 0.282 0.169 0.07 0.085 0 0 0 0 0 0 0
 2018 10.4 4 0 0 1 14.5 14.5 132 0 0.333 0.295 0.152 0.129 0.083 0.008 0 0 0 0 0 0
 2018 10.4 4 0 0 1 15 15 159 0 0.201 0.39 0.17 0.119 0.082 0.025 0.013 0 0 0 0 0
 2018 10.4 4 0 0 1 15.5 15.5 74 0 0.108 0.203 0.216 0.203 0.23 0.041 0 0 0 0 0 0
 2018 10.4 4 0 0 1 16 16 61 0 0.033 0.164 0.328 0.18 0.262 0.033 0 0 0 0 0 0
 2018 10.4 4 0 0 1 16.5 16.5 20 0 0 0.2 0.05 0.15 0.45 0.15 0 0 0 0 0 0
 2018 10.4 4 0 0 1 17 17 17 0 0 0 0.176 0.353 0.353 0.059 0.059 0 0 0 0 0
 2018 10.4 4 0 0 1 17.5 17.5 9 0 0 0 0.333 0.444 0.111 0.111 0 0 0 0 0 0
 2018 10.4 4 0 0 1 18 18 8 0 0 0 0 0.375 0.625 0 0 0 0 0 0 0
 2018 10.4 4 0 0 1 18.5 18.5 2 0 0 0 0 0.5 0.5 0 0 0 0 0 0 0
 2018 10.4 4 0 0 1 19 19 6 0 0 0 0.167 0.5 0.167 0 0.167 0 0 0 0 0
 2018 10.4 4 0 0 1 19.5 19.5 1 0 0 0 0 1 0 0 0 0 0 0 0 0
 2019 10.4 4 0 0 1 8.5 8.5 1 1 0 0 0 0 0 0 0 0 0 0 0 0
 2019 10.4 4 0 0 1 9.5 9.5 5 0.8 0.2 0 0 0 0 0 0 0 0 0 0 0
 2019 10.4 4 0 0 1 10 10 19 1 0 0 0 0 0 0 0 0 0 0 0 0
 2019 10.4 4 0 0 1 10.5 10.5 22 1 0 0 0 0 0 0 0 0 0 0 0 0
 2019 10.4 4 0 0 1 11 11 22 1 0 0 0 0 0 0 0 0 0 0 0 0
 2019 10.4 4 0 0 1 11.5 11.5 33 1 0 0 0 0 0 0 0 0 0 0 0 0
 2019 10.4 4 0 0 1 12 12 33 0.97 0.03 0 0 0 0 0 0 0 0 0 0 0
 2019 10.4 4 0 0 1 12.5 12.5 38 0.632 0.342 0 0 0 0 0.026 0 0 0 0 0 0
 2019 10.4 4 0 0 1 13 13 37 0.135 0.784 0.027 0.027 0.027 0 0 0 0 0 0 0 0
 2019 10.4 4 0 0 1 13.5 13.5 38 0 0.895 0.105 0 0 0 0 0 0 0 0 0 0
 2019 10.4 4 0 0 1 14 14 63 0 0.651 0.222 0.095 0.032 0 0 0 0 0 0 0 0
 2019 10.4 4 0 0 1 14.5 14.5 66 0 0.606 0.227 0.091 0.03 0.03 0.015 0 0 0 0 0 0
 2019 10.4 4 0 0 1 15 15 110 0 0.355 0.427 0.145 0.036 0.018 0.018 0 0 0 0 0 0
 2019 10.4 4 0 0 1 15.5 15.5 138 0 0.246 0.471 0.167 0.051 0.043 0.014 0.007 0 0 0 0 0
 2019 10.4 4 0 0 1 16 16 119 0 0.176 0.471 0.193 0.05 0.076 0.034 0 0 0 0 0 0
 2019 10.4 4 0 0 1 16.5 16.5 65 0 0.108 0.446 0.154 0.154 0.092 0.046 0 0 0 0 0 0
 2019 10.4 4 0 0 1 17 17 39 0 0.026 0.487 0.103 0.256 0.026 0.103 0 0 0 0 0 0
 2019 10.4 4 0 0 1 17.5 17.5 15 0 0.067 0.267 0.067 0.2 0.333 0.067 0 0 0 0 0 0
 2019 10.4 4 0 0 1 18 18 7 0 0 0 0.429 0.286 0.286 0 0 0 0 0 0 0
 2019 10.4 4 0 0 1 18.5 18.5 4 0 0 0 0 0.5 0 0.25 0 0.25 0 0 0 0
 2019 10.4 4 0 0 1 19 19 2 0 0 0 0.5 0.5 0 0 0 0 0 0 0 0
 2019 10.4 4 0 0 1 19.5 19.5 3 0 0 0.333 0 0.333 0.333 0 0 0 0 0 0 0
 2019 10.4 4 0 0 1 21 21 1 0 0 0 0 0 0 1 0 0 0 0 0 0
 2020 10.4 4 0 0 1 9 9 1 1 0 0 0 0 0 0 0 0 0 0 0 0
 2020 10.4 4 0 0 1 10 10 10 1 0 0 0 0 0 0 0 0 0 0 0 0
 2020 10.4 4 0 0 1 10.5 10.5 11 1 0 0 0 0 0 0 0 0 0 0 0 0
 2020 10.4 4 0 0 1 11 11 20 1 0 0 0 0 0 0 0 0 0 0 0 0
 2020 10.4 4 0 0 1 11.5 11.5 25 1 0 0 0 0 0 0 0 0 0 0 0 0
 2020 10.4 4 0 0 1 12 12 13 0.846 0.154 0 0 0 0 0 0 0 0 0 0 0
 2020 10.4 4 0 0 1 12.5 12.5 20 0.05 0.9 0.05 0 0 0 0 0 0 0 0 0 0
 2020 10.4 4 0 0 1 13 13 32 0 0.969 0.031 0 0 0 0 0 0 0 0 0 0
 2020 10.4 4 0 0 1 13.5 13.5 43 0 0.884 0.116 0 0 0 0 0 0 0 0 0 0
 2020 10.4 4 0 0 1 14 14 59 0 0.763 0.203 0 0 0.034 0 0 0 0 0 0 0
 2020 10.4 4 0 0 1 14.5 14.5 143 0 0.517 0.406 0.042 0.014 0.014 0.007 0 0 0 0 0 0
 2020 10.4 4 0 0 1 15 15 195 0 0.415 0.421 0.118 0.021 0.005 0.01 0.01 0 0 0 0 0
 2020 10.4 4 0 0 1 15.5 15.5 105 0 0.267 0.419 0.229 0.057 0.019 0.01 0 0 0 0 0 0
 2020 10.4 4 0 0 1 16 16 68 0 0.103 0.471 0.25 0.103 0.059 0.015 0 0 0 0 0 0
 2020 10.4 4 0 0 1 16.5 16.5 44 0 0.068 0.364 0.295 0.091 0.068 0.068 0.045 0 0 0 0 0
 2020 10.4 4 0 0 1 17 17 15 0 0 0.333 0.2 0.267 0.133 0 0.067 0 0 0 0 0
 2020 10.4 4 0 0 1 17.5 17.5 7 0 0 0.286 0.143 0.286 0.143 0.143 0 0 0 0 0 0
 2020 10.4 4 0 0 1 18 18 2 0 0 0 0 0 0 0.5 0.5 0 0 0 0 0
 2020 10.4 4 0 0 1 18.5 18.5 2 0 0 0 0 0 0 1 0 0 0 0 0 0
 2020 10.4 4 0 0 1 19 19 1 0 0 0 1 0 0 0 0 0 0 0 0 0
-9999  0 0 0 0 0 0 0 0 0 0 0 0 0 0 0 0 0 0 0 0 0
#
0 #_Use_MeanSize-at-Age_obs (0/1)
#
0 #_N_environ_variables
# -2 in yr will subtract mean for that env_var; -1 will subtract mean and divide by stddev (e.g. Z-score)
#Yr Variable Value
#
# Sizefreq data. Defined by method because a fleet can use multiple methods
0 # N sizefreq methods to read (or -1 for expanded options)
# 
0 # do tags (0/1/2); where 2 allows entry of TG_min_recap
#
0 #    morphcomp data(0/1) 
#  Nobs, Nmorphs, mincomp
#  yr, seas, type, partition, Nsamp, datavector_by_Nmorphs
#
0  #  Do dataread for selectivity priors(0/1)
# Yr, Seas, Fleet,  Age/Size,  Bin,  selex_prior,  prior_sd
# feature not yet implemented
#
999

